3,347
3,346
3,345
4,345
5,345
5,344
6,344
6,343
6,342
7,342
7,341
8,341
8,340
8,339
9,339
9,338
9,337
9,336
10,336
10,335
10,334
11,333
13,346
14,347
14,346
14,345
15,348
15,347
15,344
15,343
16,348
17,378
17,348
18,380
18,379
18,377
18,348
18,347
19,380
19,346
19,345
20,381
20,348
21,382
21,348
22,382
22,354
22,348
23,382
23,354
23,349
23,348
24,382
24,355
24,350
24,349
25,383
25,382
25,355
25,351
25,350
25,348
25,347
26,384
26,383
26,356
26,351
26,348
27,385
27,384
27,356
27,351
27,347
28,385
28,357
28,351
28,350
28,349
28,348
28,347
29,385
29,357
29,353
29,352
29,350
30,386
30,356
30,354
31,386
31,355
32,387
32,386
32,356
32,355
33,387
33,386
33,356
34,356
34,355
35,355
40,361
40,360
41,362
41,361
41,343
41,342
41,341
42,363
42,362
42,344
42,343
42,340
43,364
43,363
43,360
43,359
43,344
43,340
43,339
44,373
44,372
44,365
44,364
44,359
44,346
44,345
44,344
45,372
45,371
45,366
45,365
45,359
45,347
45,346
45,345
46,370
46,367
46,366
46,359
46,347
46,346
47,376
47,375
47,369
47,368
47,367
47,361
47,360
47,347
48,375
48,374
48,369
48,363
48,362
48,361
48,347
49,374
49,373
49,369
49,363
49,347
49,346
50,372
50,369
50,364
50,363
50,348
51,372
51,371
51,370
51,364
51,348
52,373
52,372
52,365
52,364
53,377
53,376
53,375
53,374
53,365
54,380
54,379
54,378
54,367
54,366
55,382
55,381
55,380
55,369
55,368
56,384
56,383
56,382
56,369
57,385
57,384
57,378
57,377
57,369
57,366
57,365
58,385
58,380
58,379
58,378
58,369
58,368
58,367
58,366
59,385
59,381
59,380
59,370
59,367
59,365
60,386
60,381
60,370
60,367
60,365
61,386
61,382
61,381
61,371
61,368
61,365
62,386
62,382
62,371
62,368
62,365
63,386
63,382
63,372
63,369
63,365
64,385
64,383
64,382
64,373
64,372
64,369
64,366
65,385
65,383
65,373
65,370
65,366
66,386
66,383
66,374
66,373
66,370
66,367
67,386
67,375
67,374
67,371
67,370
68,386
68,375
68,372
68,371
68,344
68,343
69,386
69,376
69,375
69,372
69,343
70,386
70,377
70,376
70,372
70,343
70,342
71,386
71,377
71,373
71,372
71,342
71,341
72,386
72,378
72,377
72,374
72,373
72,341
73,386
73,378
73,374
73,344
73,342
73,341
74,386
74,379
74,378
74,375
74,343
75,386
75,379
75,375
76,386
76,379
76,375
77,386
77,380
77,375
77,369
78,386
78,381
78,375
78,370
78,369
79,386
79,382
79,376
79,371
79,370
79,368
79,367
80,386
80,382
80,376
80,371
80,367
81,386
81,382
81,376
81,372
82,386
82,381
82,376
82,372
82,279
82,278
82,277
82,274
82,273
83,386
83,385
83,381
83,376
83,372
83,278
83,277
83,276
83,275
83,274
84,385
84,380
84,376
84,372
84,279
85,385
85,384
85,380
85,379
85,377
85,376
85,372
86,384
86,383
86,379
86,378
86,377
86,372
87,383
87,382
87,377
87,372
88,382
88,381
88,372
89,381
89,380
89,372
90,380
90,379
90,371
91,379
91,371
92,379
92,378
92,371
92,370
93,378
93,370
93,369
93,330
94,378
94,377
94,376
94,369
94,330
94,329
95,376
95,375
95,374
95,369
95,368
95,329
95,328
96,374
96,373
96,372
96,371
96,368
96,367
96,327
96,326
96,325
97,371
97,370
97,367
97,366
97,325
97,324
98,370
98,366
98,365
98,324
98,318
99,365
99,364
99,323
99,318
99,304
100,364
100,363
100,323
100,322
100,319
100,318
100,304
101,363
101,322
101,321
101,320
101,319
101,317
101,316
101,305
101,304
102,363
102,362
102,321
102,305
103,362
103,361
103,306
104,361
104,307
104,306
104,292
105,361
105,360
105,306
105,292
105,291
105,290
105,3
106,360
106,307
106,306
106,290
106,289
106,288
106,3
107,360
107,359
107,306
107,288
107,287
107,3
108,359
108,358
108,306
108,305
108,287
108,286
108,3
109,358
109,305
109,286
109,3
110,358
110,305
110,304
110,303
110,286
110,285
110,3
111,357
111,303
111,302
111,285
111,284
111,3
112,357
112,302
112,301
112,284
112,283
112,4
113,356
113,301
113,298
113,283
113,282
113,281
113,280
113,4
114,356
114,355
114,301
114,300
114,299
114,298
114,281
114,279
114,278
114,4
115,355
115,354
115,302
115,301
115,278
115,277
115,5
116,354
116,353
116,303
116,302
116,277
116,5
117,353
117,352
117,303
117,277
117,5
117,2
117,1
118,352
118,304
118,303
118,276
118,5
118,2
119,352
119,351
119,304
119,276
119,275
119,6
119,2
120,351
120,350
120,305
120,304
120,275
120,274
120,5
120,3
120,2
121,350
121,305
121,5
121,3
121,2
121,1
122,349
122,305
122,4
123,349
123,348
123,305
124,348
124,305
124,6
124,5
125,348
125,305
125,8
125,7
125,5
125,4
126,348
126,347
126,305
126,304
126,8
127,347
127,304
127,9
127,8
127,4
128,347
128,346
128,304
128,303
128,9
128,5
129,346
129,303
129,9
129,5
130,346
130,302
130,10
130,9
130,5
131,345
131,302
131,10
131,6
132,345
132,302
132,10
132,6
133,345
133,302
133,11
133,6
134,345
134,344
134,302
134,11
134,6
135,344
135,301
135,300
135,12
135,6
136,343
136,13
136,7
136,6
137,343
137,13
137,8
137,7
138,343
138,13
138,8
139,343
139,342
139,14
139,9
139,8
140,342
140,14
140,9
141,342
141,15
141,14
141,10
141,9
142,341
142,16
142,15
142,11
142,10
143,341
143,17
143,16
143,11
144,341
144,19
144,18
144,17
144,11
145,340
145,20
145,19
145,12
145,11
146,340
146,21
146,20
146,13
146,12
147,340
147,21
147,14
147,13
148,339
148,21
148,15
148,14
149,339
149,21
149,15
150,339
150,22
150,21
150,16
150,15
151,339
151,23
151,22
151,17
151,16
152,339
152,338
152,23
152,17
153,338
153,24
153,23
154,338
154,25
154,24
154,17
154,16
155,338
155,26
155,25
155,18
155,17
155,16
156,338
156,27
156,26
156,19
156,18
156,15
157,338
157,27
157,20
157,19
158,337
158,264
158,263
158,28
158,27
158,22
158,21
159,337
159,263
159,28
159,24
159,23
159,22
160,344
160,337
160,265
160,264
160,263
160,262
160,29
160,25
160,24
161,344
161,337
161,267
161,266
161,262
161,261
161,30
161,26
161,25
162,344
162,343
162,337
162,268
162,261
162,260
162,31
162,30
162,26
163,346
163,345
163,343
163,342
163,337
163,268
163,267
163,266
163,260
163,32
163,31
163,27
163,26
164,346
164,342
164,337
164,266
164,265
164,264
164,263
164,262
164,33
164,32
164,28
164,27
165,346
165,341
165,337
165,33
165,29
165,28
166,346
166,341
166,337
166,34
166,30
166,29
167,341
167,337
167,35
167,34
167,31
167,30
168,341
168,337
168,37
168,36
168,35
168,32
168,31
169,341
169,337
169,38
169,37
169,32
170,341
170,337
170,38
170,34
170,33
170,31
171,341
171,337
171,39
171,38
171,35
171,34
171,31
172,341
172,338
172,39
172,35
172,31
173,341
173,337
173,40
173,39
173,35
173,34
173,31
174,341
174,337
174,41
174,40
174,35
174,34
175,341
175,337
175,47
175,46
175,42
175,41
175,37
176,341
176,338
176,48
176,45
176,44
176,43
176,42
176,37
177,341
177,338
177,44
177,38
177,37
178,341
178,338
178,39
178,38
179,341
179,338
179,39
180,341
180,337
180,40
180,39
181,341
181,337
181,40
182,341
182,337
182,41
182,40
183,341
183,337
183,42
183,41
184,341
184,337
184,42
185,340
185,337
185,43
185,42
186,340
186,337
186,284
186,43
187,340
187,337
187,283
187,43
188,336
188,288
188,287
188,283
188,44
189,336
189,288
189,287
189,286
189,284
189,283
189,44
189,43
190,336
190,289
190,286
190,285
190,44
191,336
191,289
191,285
191,45
192,336
192,45
193,336
193,46
193,45
194,336
194,46
195,335
195,47
195,46
196,335
196,47
197,335
197,334
197,47
198,334
198,47
199,334
199,47
200,334
200,48
201,333
201,331
201,48
202,333
202,332
202,52
202,48
203,334
203,333
203,52
203,51
203,48
204,334
204,55
204,51
204,50
204,49
204,48
205,334
205,333
205,56
205,55
205,54
205,49
206,333
206,332
206,54
206,53
207,332
207,331
207,53
208,335
208,334
208,333
208,331
208,330
208,52
209,334
209,330
209,52
210,333
210,330
210,51
211,333
211,330
211,51
212,333
212,329
212,51
213,333
213,329
213,52
214,332
214,329
214,53
214,52
215,332
215,328
215,52
216,332
216,328
216,51
217,332
217,328
217,51
218,331
218,328
218,50
219,331
219,327
219,50
220,331
220,327
220,50
221,331
221,327
221,326
221,49
222,330
222,326
222,49
223,330
223,326
223,325
223,49
224,330
224,325
224,324
224,323
224,49
225,330
225,325
225,323
225,322
225,49
226,325
226,48
227,329
227,325
227,48
228,329
228,325
228,48
229,329
229,325
229,48
230,329
230,324
230,48
230,47
231,328
231,324
231,48
232,328
232,325
232,48
233,328
233,325
233,48
234,329
234,324
234,48
235,329
235,325
235,324
235,48
236,329
236,324
236,323
236,269
236,268
236,267
236,266
236,48
237,328
237,323
237,270
237,265
237,264
237,48
238,327
238,323
238,264
238,263
238,261
238,48
239,327
239,322
239,263
239,262
239,48
240,328
240,327
240,322
240,49
240,44
241,328
241,327
241,322
241,321
241,49
241,44
241,43
242,327
242,322
242,50
242,49
242,44
243,327
243,321
243,50
243,44
244,327
244,321
244,50
244,44
244,43
245,327
245,321
245,51
245,43
245,42
246,327
246,320
246,319
246,52
246,51
246,42
246,41
247,327
247,320
247,53
247,52
247,41
247,40
247,39
247,38
247,37
248,326
248,320
248,53
248,37
248,36
248,35
249,326
249,320
249,54
249,53
249,36
249,35
250,326
250,321
250,320
250,55
250,54
251,326
251,321
251,56
251,55
251,49
252,326
252,320
252,57
252,56
252,52
252,51
252,50
252,48
252,47
252,46
253,325
253,321
253,320
253,61
253,60
253,58
253,57
253,52
253,47
253,46
254,325
254,320
254,319
254,272
254,271
254,62
254,61
254,58
254,53
254,52
255,325
255,319
255,271
255,63
255,62
255,54
255,53
256,325
256,319
256,318
256,271
256,63
256,55
256,54
257,325
257,318
257,272
257,271
257,63
257,56
257,55
258,325
258,318
258,317
258,273
258,272
258,63
258,57
258,56
259,325
259,317
259,274
259,273
259,64
259,63
259,58
259,57
260,325
260,316
260,274
260,64
260,59
260,58
261,326
261,316
261,274
261,65
261,64
261,60
261,59
262,326
262,325
262,316
262,274
262,273
262,272
262,66
262,65
262,60
263,327
263,326
263,316
263,67
263,66
263,62
263,61
263,60
264,326
264,317
264,316
264,67
264,63
264,62
265,326
265,318
265,317
265,68
265,67
265,64
265,63
266,326
266,319
266,318
266,68
266,64
267,325
267,316
267,69
267,68
267,65
268,326
268,316
268,315
268,70
268,69
268,65
269,326
269,315
269,71
269,70
269,65
270,325
270,315
270,314
270,71
270,66
270,65
271,325
271,314
271,74
271,73
271,71
271,66
272,325
272,314
272,72
272,67
272,66
273,325
273,314
273,72
273,67
274,325
274,314
274,72
274,67
275,325
275,320
275,314
275,73
275,72
275,68
275,66
275,65
275,62
275,61
276,325
276,320
276,314
276,74
276,73
276,68
276,65
276,64
276,63
276,62
277,325
277,320
277,319
277,314
277,75
277,74
277,69
277,68
278,325
278,320
278,77
278,76
278,75
278,70
278,69
279,321
279,320
279,314
279,77
279,76
279,71
279,70
279,68
280,326
280,320
280,314
280,71
280,67
281,327
281,326
281,321
281,320
281,314
281,72
281,71
282,326
282,320
282,314
282,74
282,71
282,70
283,326
283,320
283,315
283,314
283,75
283,73
283,70
284,326
284,320
284,317
284,315
284,74
284,70
285,326
285,320
285,317
285,316
285,74
285,70
286,326
286,320
286,319
286,318
286,74
286,70
287,326
287,318
287,74
287,71
288,326
288,317
288,74
288,71
289,325
289,318
289,317
289,74
289,71
290,325
290,318
290,74
290,71
291,325
291,318
291,74
291,71
292,325
292,318
292,74
292,72
292,71
293,325
293,318
293,75
293,71
294,326
294,318
294,75
294,72
294,71
295,326
295,319
295,75
295,71
296,326
296,319
296,75
296,71
297,326
297,319
297,75
297,71
298,326
298,319
298,75
298,72
299,326
299,320
299,75
299,71
300,326
300,320
300,75
300,71
301,326
301,320
301,75
301,71
302,326
302,320
302,75
302,71
303,326
303,321
303,320
303,75
303,72
303,71
304,326
304,321
304,75
304,72
305,327
305,321
305,76
305,72
306,327
306,321
306,76
306,72
307,327
307,321
307,76
307,72
308,327
308,321
308,76
308,72
309,327
309,322
309,75
309,72
310,328
310,324
310,323
310,322
310,74
310,73
310,72
311,328
311,323
311,73
312,327
312,324
312,323
312,73
313,327
313,323
313,73
314,327
314,322
314,73
315,327
315,322
315,73
316,327
316,323
316,322
316,72
317,327
317,323
317,72
317,71
318,327
318,323
318,72
319,327
319,323
319,73
320,327
320,323
320,73
321,328
321,324
321,323
321,73
321,72
322,328
322,324
322,73
323,328
323,324
323,73
324,328
324,324
324,73
325,328
325,323
325,73
325,72
326,328
326,324
326,72
327,328
327,324
327,72
328,328
328,324
328,72
328,71
329,329
329,325
329,71
329,70
330,329
330,325
331,329
331,325
332,329
332,325
333,329
333,325
334,329
334,325
335,330
335,325
336,330
336,325
337,330
337,325
338,331
338,330
338,325
339,331
339,325
339,67
340,331
340,326
340,68
340,67
341,331
341,326
341,69
342,331
342,326
342,70
343,331
343,326
343,70
344,331
344,326
344,69
345,332
345,326
345,69
346,332
346,326
346,69
347,332
347,327
347,69
348,332
348,327
348,68
349,332
349,327
349,326
349,68
350,332
350,327
350,326
350,68
350,67
351,333
351,327
351,288
351,287
351,67
352,333
352,327
352,287
352,67
352,66
353,333
353,328
353,287
353,286
353,66
354,333
354,328
354,286
354,66
354,65
355,333
355,329
355,328
355,286
355,65
356,333
356,329
356,286
356,269
356,268
356,65
357,333
357,329
357,286
357,268
357,267
357,266
357,65
358,333
358,329
358,328
358,286
358,266
358,265
358,264
358,65
359,333
359,329
359,286
359,283
359,264
359,263
359,262
359,65
360,334
360,329
360,287
360,286
360,285
360,284
360,283
360,265
360,262
360,261
360,65
361,334
361,330
361,329
361,262
361,65
362,334
362,330
362,262
362,65
363,334
363,331
363,330
363,262
363,65
364,335
364,332
364,331
364,261
364,66
365,335
365,332
365,66
366,336
366,335
366,332
366,66
366,65
367,336
367,332
367,66
368,336
368,333
368,66
369,336
369,333
369,67
370,336
370,333
370,332
370,330
370,67
371,339
371,336
371,332
371,331
371,67
372,339
372,338
372,332
372,67
373,341
373,340
373,338
373,332
373,331
373,68
374,342
374,341
374,338
374,333
374,332
374,69
374,68
375,337
375,333
375,69
376,337
376,333
376,70
376,69
377,338
377,337
377,333
377,70
378,338
378,333
378,71
378,70
379,339
379,338
379,333
379,72
379,71
380,338
380,333
380,72
381,339
381,333
381,72
382,339
382,334
382,73
383,339
383,335
383,334
383,73
384,340
384,335
384,74
384,73
385,340
385,335
385,74
386,341
386,340
386,335
386,75
386,74
387,341
387,340
387,336
387,75
388,341
388,337
388,336
388,75
389,342
389,337
389,75
390,342
390,337
390,75
391,342
391,338
391,75
392,342
392,338
392,75
393,342
393,338
393,76
394,341
394,338
394,76
394,75
395,341
395,338
395,80
395,76
396,341
396,338
396,80
396,76
397,342
397,338
397,81
397,76
398,342
398,338
398,81
398,76
398,75
399,342
399,338
399,81
399,77
399,74
400,342
400,338
400,81
400,77
401,342
401,339
401,338
401,81
401,77
402,342
402,340
402,339
402,81
402,78
403,340
403,82
403,78
404,341
404,340
404,82
404,79
404,78
405,340
405,83
405,80
405,79
406,341
406,83
407,341
407,83
407,80
408,341
408,340
408,83
408,80
408,79
409,340
409,83
409,80
409,79
409,78
410,340
410,84
410,80
411,340
411,84
411,81
411,80
412,340
412,85
412,81
413,340
413,86
413,85
413,82
413,81
414,340
414,339
414,86
414,82
415,339
415,87
415,86
415,83
415,82
416,339
416,87
416,83
417,339
417,88
417,87
417,83
418,338
418,89
418,88
418,84
419,338
419,90
419,89
419,85
419,84
420,344
420,339
420,90
420,85
421,344
421,339
421,91
421,90
421,86
421,85
422,343
422,339
422,91
422,86
422,85
423,343
423,339
423,92
423,91
423,85
424,343
424,339
424,92
424,87
424,86
424,85
425,343
425,342
425,339
425,338
425,92
425,88
425,87
426,342
426,338
426,93
426,89
426,88
427,341
427,338
427,94
427,93
427,90
427,89
428,341
428,337
428,95
428,94
428,91
428,90
429,341
429,337
429,96
429,95
429,92
429,91
430,340
430,337
430,336
430,97
430,96
430,93
430,92
431,340
431,336
431,97
431,94
431,93
432,340
432,336
432,98
432,97
432,94
433,339
433,336
433,99
433,98
433,95
434,339
434,335
434,100
434,99
434,95
435,339
435,335
435,101
435,100
435,96
435,95
436,339
436,338
436,335
436,102
436,101
436,97
436,96
437,338
437,334
437,103
437,102
437,99
437,98
437,97
438,338
438,337
438,334
438,104
438,103
438,100
438,99
439,337
439,334
439,333
439,106
439,105
439,101
439,100
440,337
440,336
440,333
440,332
440,107
440,106
440,101
441,336
441,332
441,108
441,107
441,103
441,102
442,335
442,332
442,109
442,108
442,104
442,103
443,335
443,334
443,331
443,111
443,110
443,105
444,334
444,331
444,330
444,112
444,111
444,103
444,102
445,334
445,333
445,330
445,329
445,113
445,112
445,102
445,101
445,100
445,99
445,98
446,333
446,329
446,114
446,113
446,98
446,97
447,332
447,329
447,328
447,115
447,114
447,97
447,96
448,332
448,331
448,328
448,116
448,115
448,101
448,96
448,95
448,94
449,331
449,328
449,327
449,117
449,116
449,109
449,108
449,107
449,106
449,105
449,104
449,103
449,102
449,100
449,99
449,94
450,331
450,330
450,327
450,118
450,117
450,110
450,109
450,99
450,98
450,97
450,93
451,330
451,326
451,120
451,119
451,118
451,112
451,111
451,110
451,97
451,96
451,93
452,330
452,329
452,328
452,327
452,121
452,120
452,115
452,114
452,113
452,96
452,95
452,92
452,91
453,329
453,326
453,325
453,121
453,116
453,115
453,95
453,91
454,324
454,323
454,122
454,121
454,117
454,116
454,94
454,91
454,90
455,325
455,323
455,322
455,123
455,122
455,118
455,117
455,94
455,93
455,90
456,328
456,327
456,326
456,322
456,124
456,123
456,119
456,118
456,93
456,89
457,326
457,325
457,323
457,322
457,124
457,119
457,93
457,92
457,89
457,88
458,325
458,324
458,321
458,125
458,124
458,120
458,119
458,92
458,91
458,88
459,324
459,319
459,126
459,125
459,121
459,120
459,91
459,87
460,324
460,323
460,321
460,320
460,318
460,317
460,126
460,122
460,121
460,86
461,323
461,322
461,317
461,127
461,126
461,122
461,86
461,85
462,322
462,321
462,317
462,127
462,123
462,89
462,85
463,321
463,320
463,316
463,123
463,89
463,88
463,85
463,84
463,83
464,320
464,316
464,123
464,88
464,87
464,86
464,85
465,320
465,319
465,315
465,124
465,86
466,319
466,318
466,315
466,314
466,128
466,124
467,318
467,317
467,314
467,313
467,128
467,124
467,123
467,84
467,83
467,82
468,317
468,313
468,312
468,128
468,124
468,123
468,122
468,121
468,85
468,84
468,81
469,317
469,316
469,312
469,311
469,128
469,124
469,121
469,85
469,81
469,80
470,316
470,315
470,311
470,310
470,129
470,80
470,79
471,315
471,314
471,310
471,309
471,129
471,79
471,78
472,314
472,313
472,309
472,129
472,78
472,77
473,313
473,312
473,308
473,129
473,77
473,76
473,75
474,312
474,311
474,308
474,307
474,131
474,130
474,75
474,74
475,311
475,310
475,307
475,306
475,305
475,303
475,302
475,129
475,73
476,310
476,305
476,304
476,129
477,310
477,309
477,304
477,129
478,309
478,308
478,307
478,303
478,129
479,307
479,306
479,302
479,301
479,129
480,306
480,301
480,300
480,129
481,305
481,300
481,129
482,304
482,299
482,129
483,303
483,299
483,129
484,303
484,302
484,299
484,298
484,129
484,125
485,302
485,301
485,298
485,297
485,129
485,125
486,301
486,300
486,297
486,296
486,129
486,125
487,300
487,296
487,130
487,124
488,300
488,299
488,296
488,295
488,129
488,124
489,299
489,298
489,295
489,294
489,292
489,129
489,124
490,298
490,294
490,293
490,130
490,124
491,298
491,297
491,293
491,292
491,130
491,123
492,297
492,296
492,292
492,291
492,129
492,122
493,296
493,295
493,294
493,291
493,129
493,122
493,115
494,294
494,290
494,129
494,122
494,121
494,120
494,118
494,117
494,116
494,115
495,294
495,293
495,290
495,289
495,129
495,121
495,119
495,118
495,114
496,293
496,292
496,289
496,288
496,174
496,129
497,292
497,288
497,174
497,129
497,113
498,292
498,287
498,173
498,172
498,165
498,164
498,129
498,114
498,113
499,291
499,287
499,172
499,171
499,166
499,165
499,129
499,126
499,115
499,114
500,290
500,286
500,171
500,170
500,166
500,129
500,126
500,118
500,116
501,290
501,286
501,169
501,168
501,167
501,130
501,126
501,119
501,118
501,117
502,290
502,285
502,166
502,130
502,126
502,119
503,289
503,285
503,166
503,164
503,163
503,130
503,127
503,126
503,119
504,289
504,285
504,284
504,165
504,131
504,127
504,119
505,289
505,164
505,131
505,127
505,118
505,117
506,289
506,164
506,163
506,131
506,127
506,117
506,116
507,289
507,288
507,164
507,132
507,128
507,127
508,289
508,282
508,131
508,128
509,288
509,284
509,283
509,282
509,132
509,128
510,288
510,283
510,282
510,132
510,128
511,288
511,282
511,132
511,129
511,119
511,118
512,288
512,287
512,282
512,132
512,129
512,120
512,118
512,117
512,116
512,115
512,114
513,287
513,286
513,282
513,132
513,129
513,122
513,121
513,116
514,286
514,281
514,133
514,129
514,121
515,285
515,281
515,133
515,129
515,120
516,285
516,281
516,134
516,133
516,129
516,120
516,119
517,285
517,281
517,134
517,130
518,285
518,281
518,134
518,130
519,284
519,280
519,135
519,131
520,284
520,280
520,136
520,135
520,131
521,284
521,280
521,136
521,131
522,284
522,280
522,136
522,132
523,284
523,280
523,137
523,136
523,132
524,284
524,280
524,138
524,137
524,132
525,284
525,280
525,139
525,138
525,132
526,284
526,280
526,139
526,133
526,132
527,284
527,280
527,199
527,141
527,140
527,139
527,134
527,133
528,284
528,280
528,199
528,198
528,142
528,141
528,136
528,135
528,134
528,133
529,284
529,280
529,198
529,197
529,143
529,142
529,133
530,284
530,280
530,197
530,146
530,145
530,144
530,132
531,284
531,280
531,197
531,196
531,152
531,151
531,150
531,149
531,148
531,147
531,140
531,132
532,284
532,280
532,196
532,163
532,162
532,161
532,160
532,159
532,158
532,157
532,156
532,155
532,154
532,153
532,143
532,142
532,141
532,133
533,284
533,280
533,195
533,169
533,168
533,167
533,166
533,165
533,164
533,145
533,144
533,143
533,132
533,131
534,284
534,280
534,204
534,203
534,202
534,201
534,200
534,199
534,196
534,174
534,173
534,172
534,171
534,170
534,147
534,146
534,131
535,284
535,280
535,205
535,204
535,199
535,198
535,197
535,196
535,176
535,175
535,174
535,156
535,155
535,153
535,152
535,151
535,150
535,149
535,148
536,284
536,280
536,208
536,207
536,206
536,205
536,167
536,166
536,165
536,164
536,163
536,162
536,161
536,160
536,159
536,158
536,157
536,154
537,284
537,281
537,209
537,208
537,173
537,172
537,171
537,170
537,169
537,168
538,285
538,281
538,210
538,209
539,285
539,281
539,212
539,211
539,210
539,181
539,180
540,285
540,281
540,213
540,212
540,184
540,183
540,182
540,181
541,285
541,281
541,215
541,214
541,189
541,188
541,187
541,186
541,185
542,286
542,285
542,280
542,279
542,216
542,215
542,192
542,191
542,190
543,286
543,280
543,217
543,216
543,194
543,193
544,287
544,280
544,222
544,221
544,220
544,219
544,218
544,195
544,194
545,288
545,287
545,280
545,225
545,224
545,223
545,195
546,289
546,288
546,280
546,226
546,225
546,197
546,196
547,280
547,227
547,226
547,216
547,215
547,214
547,213
547,212
547,211
547,210
547,209
547,208
547,207
547,206
547,205
547,204
547,203
547,197
548,289
548,288
548,280
548,229
548,228
548,227
548,219
548,218
548,217
548,202
548,198
548,197
549,287
549,286
549,285
549,284
549,280
549,231
549,230
549,229
549,222
549,221
549,220
549,219
549,199
550,288
550,284
550,283
550,279
550,234
550,233
550,232
550,224
550,223
551,284
551,279
551,237
551,236
551,235
551,227
551,226
551,225
552,283
552,279
552,239
552,238
552,230
552,229
552,228
553,283
553,279
553,243
553,242
553,241
553,240
553,233
553,232
553,231
554,283
554,279
554,246
554,245
554,244
554,236
554,235
554,234
554,233
555,282
555,279
555,249
555,248
555,247
555,238
556,282
556,278
556,252
556,251
556,250
556,241
556,240
556,239
557,282
557,278
557,263
557,262
557,261
557,260
557,259
557,256
557,255
557,254
557,253
557,244
557,243
557,242
558,282
558,278
558,270
558,269
558,268
558,267
558,266
558,265
558,264
558,259
558,258
558,257
558,256
558,247
558,246
558,245
559,282
559,278
559,272
559,271
559,250
559,249
559,248
560,282
560,278
560,274
560,273
560,272
560,263
560,254
560,253
560,252
560,251
561,282
561,278
561,277
561,275
561,274
561,269
561,268
561,267
561,263
561,262
561,261
561,260
561,259
561,258
561,257
561,256
561,255
561,254
562,281
562,277
562,276
562,275
562,271
562,270
563,281
563,277
563,276
563,272
563,271
564,280
564,274
564,273
564,272
565,280
565,275
565,274
566,280
566,276
566,275
567,280
567,276
568,281
568,277
569,281
569,277
570,281
570,277
571,281
571,278
572,282
572,278
573,282
573,278
574,283
574,282
574,278
575,283
575,279
576,284
576,279
577,284
577,279
578,285
578,284
578,279
579,284
579,279
580,285
580,279
581,285
581,279
582,285
582,279
583,286
583,279
584,287
584,279
585,288
585,287
585,280
586,280
587,281
588,287
588,281
589,288
589,282
590,289
590,288
590,282
591,290
591,289
591,283
591,282
592,291
592,290
592,283
593,291
593,283
594,291
594,284
595,291
595,285
596,292
596,285
597,292
597,286
597,285
598,292
598,287
598,286
599,293
599,292
599,287
600,293
600,288
600,287
601,294
601,293
601,288
602,293
602,289
602,288
603,294
603,290
603,289
604,294
604,290
605,296
605,295
605,291
605,290
605,3
605,2
605,1
606,296
606,292
606,291
606,9
606,8
606,7
606,6
606,5
606,4
607,297
607,296
607,293
607,292
607,16
607,15
607,14
607,13
607,12
607,11
607,10
608,297
608,293
608,22
608,21
608,20
608,19
608,18
608,17
609,297
609,293
609,27
609,26
609,25
609,24
609,23
609,4
609,3
609,2
609,1
610,297
610,293
610,35
610,34
610,33
610,32
610,31
610,30
610,29
610,28
610,9
610,8
610,7
610,6
610,5
611,298
611,297
611,294
611,40
611,39
611,38
611,37
611,36
611,13
611,12
611,11
611,10
612,299
612,298
612,294
612,47
612,46
612,45
612,44
612,43
612,42
612,41
612,17
612,16
612,15
612,14
613,299
613,295
613,294
613,54
613,53
613,52
613,51
613,50
613,49
613,48
613,21
613,20
613,19
613,18
614,300
614,299
614,295
614,57
614,56
614,55
614,24
614,23
614,22
615,300
615,296
615,295
615,71
615,70
615,69
615,68
615,67
615,66
615,62
615,61
615,60
615,59
615,58
615,30
615,29
615,28
615,27
615,26
615,25
616,301
616,300
616,296
616,73
616,72
616,71
616,65
616,64
616,63
616,36
616,35
616,34
616,33
616,32
616,31
617,301
617,297
617,296
617,87
617,86
617,85
617,84
617,83
617,82
617,81
617,80
617,79
617,78
617,77
617,76
617,75
617,74
617,44
617,43
617,42
617,41
617,40
617,39
617,38
617,37
618,302
618,301
618,298
618,297
618,94
618,93
618,92
618,91
618,90
618,89
618,88
618,73
618,72
618,52
618,51
618,50
618,49
618,48
618,47
618,46
618,45
619,304
619,303
619,302
619,298
619,98
619,97
619,96
619,95
619,61
619,60
619,59
619,58
619,57
619,56
619,55
619,54
619,53
620,305
620,304
620,299
620,298
620,108
620,107
620,106
620,105
620,104
620,103
620,102
620,101
620,100
620,99
620,66
620,65
620,64
620,63
620,62
621,306
621,300
621,299
621,114
621,113
621,112
621,111
621,110
621,109
621,77
621,76
621,75
621,74
621,73
621,72
621,71
621,70
621,69
621,68
621,67
622,306
622,300
622,122
622,121
622,120
622,119
622,118
622,117
622,116
622,115
622,87
622,86
622,85
622,84
622,83
622,82
622,81
622,80
622,79
622,78
623,307
623,306
623,301
623,129
623,128
623,127
623,126
623,125
623,124
623,123
623,94
623,93
623,92
623,91
623,90
623,89
623,88
624,307
624,301
624,136
624,135
624,134
624,133
624,132
624,131
624,130
624,102
624,101
624,100
624,99
624,98
624,97
624,96
624,95
625,307
625,302
625,142
625,141
625,140
625,139
625,138
625,137
625,109
625,108
625,107
625,106
625,105
625,104
625,103
625,46
625,45
626,308
626,307
626,303
626,149
626,148
626,147
626,146
626,145
626,144
626,143
626,115
626,114
626,113
626,112
626,111
626,110
626,46
627,308
627,303
627,160
627,159
627,158
627,157
627,156
627,155
627,154
627,153
627,152
627,151
627,150
627,122
627,121
627,120
627,119
627,118
627,117
627,116
627,49
627,48
627,47
628,309
628,308
628,304
628,303
628,168
628,167
628,166
628,165
628,164
628,163
628,162
628,161
628,131
628,129
628,128
628,127
628,126
628,125
628,124
628,123
628,48
628,47
629,309
629,305
629,304
629,178
629,177
629,176
629,175
629,174
629,173
629,172
629,171
629,170
629,169
629,168
629,141
629,140
629,139
629,138
629,137
629,136
629,135
629,134
629,133
629,132
629,130
629,47
630,305
630,190
630,189
630,188
630,187
630,186
630,185
630,184
630,183
630,182
630,181
630,180
630,179
630,148
630,147
630,146
630,145
630,144
630,143
630,142
630,47
630,46
630,45
631,306
631,305
631,211
631,210
631,209
631,208
631,207
631,206
631,205
631,204
631,203
631,202
631,201
631,200
631,199
631,198
631,197
631,196
631,195
631,194
631,193
631,192
631,191
631,156
631,155
631,154
631,153
631,152
631,151
631,150
631,149
631,147
631,45
632,307
632,306
632,221
632,220
632,219
632,218
632,217
632,216
632,215
632,214
632,213
632,212
632,166
632,165
632,161
632,160
632,159
632,158
632,157
632,45
633,308
633,307
633,226
633,225
633,224
633,223
633,222
633,179
633,178
633,177
633,176
633,175
633,174
633,173
633,172
633,171
633,170
633,169
633,168
633,167
633,164
633,163
633,162
633,45
634,308
634,230
634,229
634,228
634,227
634,189
634,188
634,187
634,186
634,185
634,184
634,183
634,182
634,181
634,180
634,44
635,309
635,308
635,234
635,233
635,232
635,231
635,209
635,208
635,207
635,206
635,205
635,204
635,203
635,201
635,200
635,194
635,193
635,192
635,191
635,190
635,44
635,43
636,309
636,240
636,239
636,238
636,237
636,236
636,235
636,221
636,220
636,219
636,218
636,217
636,216
636,215
636,214
636,213
636,212
636,211
636,210
636,202
636,199
636,198
636,197
636,196
636,195
636,43
637,316
637,315
637,314
637,313
637,312
637,310
637,246
637,245
637,244
637,243
637,242
637,241
637,224
637,223
637,222
638,318
638,317
638,316
638,311
638,309
638,308
638,307
638,250
638,249
638,248
638,247
638,228
638,227
638,226
638,225
639,319
639,318
639,312
639,311
639,255
639,254
639,253
639,252
639,251
639,233
639,232
639,231
639,230
639,229
640,321
640,320
640,319
640,314
640,313
640,312
640,259
640,258
640,257
640,256
640,238
640,237
640,236
640,235
640,234
641,323
641,322
641,321
641,315
641,314
641,263
641,262
641,261
641,260
641,244
641,243
641,242
641,241
641,240
641,239
642,324
642,323
642,317
642,316
642,315
642,269
642,268
642,267
642,266
642,265
642,264
642,248
642,247
642,246
642,245
643,326
643,325
643,324
643,318
643,317
643,274
643,273
643,272
643,271
643,270
643,253
643,252
643,251
643,250
643,249
644,327
644,326
644,320
644,319
644,281
644,280
644,279
644,278
644,277
644,276
644,275
644,258
644,257
644,256
644,255
644,254
645,329
645,328
645,327
645,321
645,320
645,285
645,284
645,283
645,282
645,261
645,260
645,259
645,257
645,256
646,330
646,329
646,323
646,322
646,321
646,292
646,291
646,290
646,289
646,288
646,287
646,286
646,266
646,265
646,264
646,263
646,262
647,331
647,330
647,324
647,323
647,298
647,297
647,296
647,295
647,294
647,293
647,271
647,270
647,269
647,268
647,267
647,266
648,333
648,332
648,331
648,325
648,305
648,304
648,303
648,302
648,301
648,300
648,299
648,275
648,274
648,273
648,272
649,334
649,333
649,328
649,327
649,326
649,309
649,308
649,307
649,306
649,277
649,276
649,275
650,335
650,334
650,329
650,328
650,316
650,315
650,314
650,313
650,312
650,311
650,310
650,286
650,285
650,284
650,283
650,282
650,281
650,280
650,279
650,278
651,336
651,335
651,323
651,321
651,320
651,319
651,318
651,317
651,296
651,295
651,294
651,293
651,292
651,291
651,290
651,289
651,288
651,287
652,337
652,336
652,326
652,325
652,324
652,323
652,322
652,303
652,302
652,301
652,300
652,299
652,298
652,297
653,340
653,339
653,338
653,337
653,332
653,331
653,330
653,329
653,328
653,327
653,306
653,305
653,304
654,346
654,345
654,344
654,343
654,342
654,341
654,312
654,311
654,310
654,309
654,308
654,307
655,359
655,358
655,357
655,356
655,355
655,354
655,353
655,352
655,351
655,350
655,349
655,348
655,347
655,317
655,316
655,315
655,314
655,313
656,366
656,365
656,364
656,363
656,362
656,361
656,360
656,323
656,322
656,321
656,320
656,319
656,318
657,377
657,376
657,375
657,374
657,373
657,372
657,371
657,370
657,369
657,368
657,367
657,329
657,328
657,327
657,326
657,325
657,324
658,388
658,387
658,386
658,385
658,384
658,383
658,382
658,381
658,380
658,379
658,378
658,334
658,333
658,332
658,331
658,330
659,390
659,389
659,341
659,340
659,339
659,338
659,337
659,336
659,335
660,348
660,347
660,346
660,345
660,344
660,343
660,342
661,356
661,355
661,354
661,353
661,352
661,351
661,350
661,349
662,370
662,369
662,368
662,367
662,366
662,365
662,364
662,363
662,362
662,361
662,360
662,359
662,358
662,357
663,381
663,380
663,379
663,378
663,377
663,376
663,375
663,374
663,373
663,372
663,371
664,389
664,388
664,387
664,386
664,385
664,384
664,383
664,382
665,390
