29,789
29,788
29,787
29,786
29,785
29,784
29,783
29,782
29,781
29,780
29,779
29,778
29,777
29,776
29,775
29,774
29,773
29,772
29,771
29,770
29,769
29,768
29,767
29,766
29,765
29,764
29,763
29,762
29,761
29,760
29,759
29,758
29,757
29,756
29,755
29,754
29,753
29,752
29,751
29,750
29,749
29,748
29,747
29,746
29,745
30,802
30,801
30,800
30,799
30,798
30,797
30,796
30,795
30,794
30,793
30,792
30,791
30,790
30,744
30,743
30,742
30,741
30,740
30,739
30,738
30,737
30,736
30,735
30,734
30,733
30,732
30,731
31,810
31,809
31,808
31,807
31,806
31,805
31,804
31,803
31,730
31,729
31,728
31,727
31,726
31,725
31,724
31,723
31,722
31,721
32,818
32,817
32,816
32,815
32,814
32,813
32,812
32,811
32,720
32,719
32,718
32,717
32,716
32,715
32,714
33,821
33,820
33,819
33,713
33,712
33,711
33,710
33,709
34,827
34,826
34,825
34,824
34,823
34,822
34,708
34,707
34,706
34,705
34,704
34,703
35,831
35,830
35,829
35,828
35,702
35,701
35,700
35,699
35,698
36,833
36,832
36,697
36,696
37,836
37,835
37,834
37,695
37,694
37,693
37,692
37,691
38,839
38,838
38,837
38,691
38,690
38,689
39,843
39,842
39,841
39,840
39,688
39,687
39,686
39,685
40,845
40,844
40,843
40,685
40,684
41,848
41,847
41,846
41,683
41,682
41,681
41,680
42,850
42,849
42,848
42,680
42,679
42,678
43,853
43,852
43,851
43,678
43,677
43,676
43,675
44,855
44,854
44,853
44,674
44,673
45,858
45,857
45,856
45,855
45,672
45,671
45,670
45,669
46,860
46,859
46,669
46,668
46,667
47,863
47,862
47,861
47,667
47,666
47,665
48,864
48,863
48,665
48,664
48,663
49,868
49,867
49,866
49,865
49,864
49,663
49,662
49,661
49,660
50,869
50,868
50,660
50,659
50,658
51,872
51,871
51,870
51,869
51,658
51,657
51,656
52,873
52,872
52,656
52,655
52,654
53,876
53,875
53,874
53,873
53,654
53,653
53,652
54,877
54,876
54,651
54,650
55,880
55,879
55,878
55,877
55,650
55,649
55,648
55,647
56,882
56,881
56,880
56,647
56,646
57,884
57,883
57,882
57,646
57,645
57,644
57,643
58,886
58,885
58,643
58,642
59,888
59,887
59,886
59,642
59,641
59,640
60,890
60,889
60,888
60,640
60,639
60,638
61,892
61,891
61,890
61,638
61,637
61,636
62,893
62,892
62,636
62,635
63,895
63,894
63,893
63,635
63,634
63,633
64,897
64,896
64,895
64,633
64,632
64,631
65,899
65,898
65,897
65,631
65,630
66,901
66,900
66,899
66,630
66,629
66,628
67,903
67,902
67,901
67,628
67,627
67,626
68,905
68,904
68,903
68,626
68,625
69,906
69,905
69,625
69,624
69,623
70,908
70,907
70,906
70,623
70,622
70,621
71,910
71,909
71,908
71,621
71,620
72,912
72,911
72,910
72,620
72,619
73,913
73,912
73,619
73,618
74,915
74,914
74,913
74,618
74,617
74,616
75,916
75,915
75,615
75,614
76,918
76,917
76,916
76,614
76,613
77,919
77,918
77,613
77,612
78,921
78,920
78,919
78,612
78,611
78,610
79,923
79,922
79,921
79,610
79,609
80,925
80,924
80,923
80,609
80,608
80,607
81,926
81,925
81,607
81,606
82,927
82,926
82,606
82,605
83,928
83,927
83,605
83,604
84,930
84,929
84,928
84,604
84,603
85,931
85,930
85,603
85,602
85,601
86,932
86,931
86,601
86,600
87,933
87,932
87,600
87,599
88,935
88,934
88,933
88,599
88,598
89,936
89,935
89,598
89,597
90,937
90,936
90,597
90,596
90,595
91,938
91,937
91,595
91,594
92,939
92,938
92,594
92,593
93,940
93,939
93,593
93,592
94,942
94,941
94,940
94,592
94,591
95,943
95,942
95,591
95,590
96,944
96,943
96,590
96,589
97,945
97,944
97,589
97,588
98,946
98,945
98,588
98,587
99,947
99,946
99,587
99,586
100,948
100,947
100,586
100,585
100,584
101,950
101,949
101,948
101,584
101,583
102,951
102,950
102,583
102,582
103,952
103,951
103,582
103,581
104,953
104,952
104,581
104,580
105,954
105,953
105,580
105,579
105,578
106,955
106,954
106,578
106,577
107,956
107,955
107,577
107,576
108,957
108,956
108,576
108,575
109,958
109,957
109,575
109,574
109,573
110,959
110,958
110,573
110,572
111,960
111,959
111,572
111,571
111,570
112,961
112,960
112,570
112,569
113,962
113,961
113,569
113,568
114,963
114,568
114,567
114,566
115,965
115,964
115,963
115,566
115,565
116,966
116,965
116,565
117,967
117,966
117,565
117,564
117,563
118,968
118,967
118,563
118,562
119,969
119,968
119,562
119,561
120,970
120,969
120,561
121,971
121,970
121,561
121,560
122,972
122,971
122,560
122,559
123,973
123,972
123,559
123,558
124,974
124,973
124,558
124,557
125,975
125,974
125,557
125,556
126,976
126,975
126,556
126,555
127,977
127,976
127,555
127,554
128,978
128,977
128,554
128,553
129,979
129,978
129,553
129,552
130,980
130,979
130,552
130,551
131,981
131,980
131,551
132,981
132,551
132,550
133,982
133,981
133,550
133,549
134,984
134,983
134,982
134,549
134,548
135,985
135,984
135,548
135,547
136,986
136,985
136,547
136,546
137,986
137,546
137,545
138,987
138,986
138,545
139,988
139,987
139,545
139,544
139,543
140,989
140,988
140,543
141,990
141,989
141,543
141,542
142,991
142,990
142,542
142,541
143,992
143,991
143,541
143,540
144,993
144,992
144,540
144,539
145,993
145,539
145,538
146,995
146,994
146,993
146,538
146,537
147,995
147,537
148,996
148,995
148,537
148,536
149,997
149,996
149,536
149,535
150,998
150,997
150,535
150,534
151,999
151,998
151,534
151,533
152,1000
152,999
152,533
153,1001
153,1000
153,533
153,532
154,1002
154,1001
154,532
154,531
155,1003
155,1002
155,531
155,530
156,1003
156,530
156,529
157,1004
157,1003
157,529
158,1005
158,1004
158,529
158,528
158,527
159,1006
159,1005
159,527
160,1007
160,1006
160,527
160,526
161,1007
161,526
161,525
162,1008
162,1007
162,525
163,1009
163,1008
163,525
163,524
164,1010
164,1009
164,524
164,523
165,1011
165,1010
165,523
165,522
166,1012
166,1011
166,522
166,521
167,1012
167,521
167,520
168,1013
168,1012
168,520
168,519
169,1014
169,1013
169,519
169,518
170,1015
170,1014
170,518
171,1016
171,1015
171,518
171,517
172,1017
172,1016
172,517
172,516
173,1017
173,516
173,515
174,1018
174,1017
174,515
174,514
175,1019
175,1018
175,514
175,513
176,1020
176,1019
176,513
177,1020
177,513
177,512
178,1021
178,1020
178,512
178,511
179,1022
179,1021
179,511
179,510
180,1023
180,1022
180,510
181,1024
181,1023
181,510
181,509
182,1024
182,509
182,508
183,1025
183,1024
183,508
183,507
184,1026
184,1025
184,507
184,506
185,1026
185,506
186,1027
186,1026
186,506
186,505
187,1028
187,1027
187,505
187,504
188,1029
188,1028
188,504
189,1029
189,504
189,503
190,1030
190,1029
190,503
190,502
191,1031
191,1030
191,502
191,501
192,1032
192,1031
192,501
192,500
193,1032
193,500
194,1033
194,1032
194,500
194,499
195,1034
195,1033
195,499
195,498
196,1035
196,1034
196,498
196,497
197,1035
197,497
197,496
198,1036
198,1035
198,496
199,1036
199,496
199,495
200,1037
200,1036
200,495
200,494
201,1038
201,1037
201,494
202,1039
202,1038
202,494
202,493
203,1039
203,493
203,492
204,1040
204,1039
204,492
204,491
205,1041
205,1040
205,491
205,490
206,1042
206,1041
206,490
207,1042
207,490
207,489
208,1043
208,1042
208,489
209,1043
209,489
209,488
210,1044
210,1043
210,488
210,487
211,1045
211,1044
211,487
211,486
212,1045
212,486
213,1046
213,1045
213,486
213,485
214,1047
214,1046
214,485
214,484
215,1048
215,1047
215,484
215,483
216,1048
216,483
217,1049
217,1048
217,483
217,482
218,1049
218,482
218,481
219,1050
219,1049
219,481
220,1050
220,481
220,480
221,1051
221,480
221,479
222,1052
222,1051
222,479
223,1052
223,479
223,478
224,1053
224,1052
224,478
224,477
225,1054
225,1053
225,477
226,1054
226,477
226,476
227,1055
227,1054
227,476
228,1056
228,1055
228,476
228,475
229,1056
229,475
230,1057
230,1056
230,475
230,474
231,1058
231,1057
231,474
231,473
232,1058
232,473
233,1058
233,473
233,472
234,1059
234,1058
234,472
234,471
235,1060
235,1059
235,471
236,1060
236,471
236,470
237,1061
237,1060
237,470
237,469
238,1061
238,469
239,1062
239,1061
239,469
239,468
240,1063
240,1062
240,468
241,1063
241,468
241,467
242,1064
242,1063
242,467
242,466
243,1065
243,1064
243,466
244,1065
244,466
244,465
245,1066
245,1065
245,465
246,1066
246,465
246,464
247,1067
247,1066
247,464
247,463
248,1067
248,463
249,1068
249,1067
249,463
249,462
250,1068
250,462
250,461
251,1069
251,1068
251,461
252,1069
252,461
253,1070
253,461
253,460
254,1071
254,1070
254,460
255,1071
255,460
255,459
256,1072
256,1071
256,459
256,458
257,1072
257,458
258,1073
258,1072
258,458
258,457
259,1073
259,457
260,1074
260,1073
260,457
260,456
261,1075
261,1074
261,456
261,455
262,1075
262,455
263,1075
263,455
263,454
264,1076
264,1075
264,454
265,1077
265,1076
265,454
265,453
266,1077
266,453
267,1077
267,453
267,452
268,1078
268,1077
268,452
269,1079
269,1078
269,452
269,451
270,1079
270,451
271,1079
271,450
272,1080
272,1079
272,450
273,1081
273,1080
273,450
273,449
274,1081
274,449
274,448
275,1082
275,1081
275,448
276,1082
276,448
277,1083
277,1082
277,448
277,447
278,1083
278,447
278,446
279,1084
279,1083
279,446
280,1084
280,446
280,445
281,1085
281,1084
281,445
282,1085
282,445
283,1085
283,444
284,1086
284,550
284,549
284,548
284,547
284,546
284,545
284,544
284,543
284,542
284,541
284,540
284,539
284,538
284,537
284,536
284,535
284,534
284,533
284,532
284,531
284,530
284,529
284,528
284,444
285,1086
285,553
285,552
285,551
285,527
285,526
285,525
285,524
285,444
285,443
286,1087
286,1086
286,562
286,561
286,560
286,559
286,558
286,557
286,556
286,555
286,554
286,523
286,522
286,521
286,520
286,519
286,518
286,517
286,516
286,515
286,514
286,443
286,442
287,1087
287,563
287,513
287,442
288,1088
288,1087
288,567
288,566
288,565
288,564
288,512
288,511
288,510
288,509
288,508
288,507
288,506
288,505
288,442
289,1088
289,569
289,568
289,504
289,442
289,441
290,1089
290,572
290,571
290,570
290,503
290,502
290,501
290,500
290,499
290,498
290,441
290,440
291,1089
291,574
291,573
291,572
291,497
291,496
291,440
292,1089
292,576
292,575
292,574
292,495
292,494
292,493
292,492
292,440
293,1090
293,576
293,491
293,490
293,440
293,439
294,1091
294,1090
294,578
294,577
294,576
294,489
294,488
294,487
294,486
294,439
294,438
295,1091
295,580
295,579
295,578
295,485
295,484
295,483
295,438
296,1091
296,581
296,580
296,483
296,482
296,481
296,438
297,1092
297,582
297,581
297,480
297,479
297,478
297,438
297,437
298,1092
298,583
298,582
298,478
298,477
298,476
298,437
298,436
299,1093
299,1092
299,584
299,583
299,475
299,474
299,473
299,436
300,1093
300,585
300,584
300,473
300,472
300,436
301,1094
301,1093
301,586
301,585
301,471
301,470
301,469
301,436
301,435
302,1094
302,587
302,586
302,469
302,468
302,435
302,434
303,1095
303,1094
303,588
303,587
303,467
303,466
303,465
303,434
304,1095
304,588
304,465
304,464
304,434
305,1096
305,589
305,588
305,463
305,462
305,461
305,434
305,433
306,1096
306,590
306,589
306,461
306,460
306,433
307,1096
307,591
307,590
307,460
307,459
307,458
307,457
307,433
307,432
308,1097
308,1096
308,591
308,457
308,456
308,432
309,1097
309,592
309,591
309,456
309,455
309,454
309,432
309,431
310,1098
310,593
310,592
310,454
310,453
310,431
310,430
311,1098
311,593
311,453
311,452
311,451
311,450
311,430
312,1099
312,1098
312,594
312,593
312,450
312,449
312,430
313,1099
313,595
313,594
313,449
313,448
313,447
313,430
313,429
314,1100
314,595
314,447
314,446
314,429
315,1100
315,596
315,595
315,446
315,445
315,444
315,429
315,428
316,1100
316,596
316,444
316,443
316,428
317,1101
317,1100
317,596
317,443
317,442
317,441
317,428
317,427
318,1101
318,597
318,441
318,440
318,427
318,426
319,1102
319,597
319,440
319,439
319,438
319,426
320,1102
320,598
320,597
320,438
320,437
320,436
320,426
321,1103
321,1102
321,598
321,436
321,435
321,434
321,425
322,1103
322,599
322,434
322,433
322,425
323,1104
323,1103
323,599
323,433
323,432
323,431
323,425
323,424
324,1104
324,600
324,599
324,431
324,430
324,429
325,1104
325,600
325,429
325,428
325,427
325,426
325,425
325,424
325,423
326,1105
326,1104
326,600
327,1105
327,601
328,1106
328,1105
328,601
329,1106
329,601
330,1106
330,601
331,1107
331,1106
331,601
332,1107
332,602
333,1108
333,1107
333,603
334,1108
334,603
335,1108
335,603
336,1109
336,603
337,1109
337,603
338,1110
338,1109
338,603
339,1110
339,604
340,1110
340,605
341,1111
341,605
342,1111
342,605
343,1112
343,1111
343,605
344,1112
344,605
345,1112
345,605
346,1113
346,1112
346,605
347,1113
347,605
348,1114
348,1113
348,605
349,1114
349,605
350,1114
350,605
351,1115
351,605
352,1116
352,1115
352,605
353,1116
353,605
354,1116
354,605
355,1116
355,605
356,1117
356,605
357,1118
357,1117
357,605
358,1118
358,605
359,1118
359,605
360,1118
360,605
361,1119
361,1118
361,605
362,1120
362,1119
362,605
363,1120
363,605
364,1120
364,605
365,1120
365,605
366,1121
366,605
367,1121
367,605
368,1122
368,1121
368,605
369,1122
369,605
370,1122
370,605
371,1122
371,605
372,1123
372,605
373,1124
373,1123
373,605
374,1124
374,605
375,1124
375,605
376,1125
376,605
377,1125
377,605
378,1126
378,1125
378,605
379,1126
379,604
380,1126
380,604
381,1126
381,604
382,1126
382,603
383,1127
383,603
384,1128
384,1127
384,603
385,1128
385,603
386,1128
386,603
387,1129
387,603
388,1129
388,602
389,1130
389,1129
389,601
390,1130
390,601
391,1130
391,601
392,1131
392,601
393,1131
393,601
394,1131
394,601
395,1131
395,600
396,1132
396,600
397,1132
397,599
398,1132
398,599
399,1133
399,599
400,1133
400,599
401,1133
401,598
402,1134
402,598
402,597
403,1134
403,597
404,1135
404,597
405,1135
405,596
406,1135
406,596
407,1135
407,596
407,595
408,1136
408,595
409,1136
409,595
410,1137
410,594
411,1137
411,594
412,1137
412,594
412,593
413,1137
413,593
414,1137
414,592
415,1138
415,592
416,1139
416,592
416,591
417,1139
417,591
418,1139
418,590
419,1139
419,590
420,1139
420,590
420,589
421,1140
421,1139
421,589
421,588
422,1140
422,588
423,1141
423,588
423,587
424,1141
424,587
424,586
425,1141
425,586
426,1141
426,984
426,983
426,982
426,981
426,980
426,979
426,978
426,977
426,976
426,975
426,974
426,973
426,972
426,971
426,970
426,969
426,968
426,967
426,586
427,1141
427,992
427,991
427,990
427,989
427,988
427,987
427,986
427,985
427,966
427,965
427,964
427,963
427,962
427,961
427,960
427,959
427,586
427,585
428,1141
428,1010
428,1009
428,1008
428,1007
428,1006
428,1005
428,1004
428,1003
428,1002
428,1001
428,1000
428,999
428,998
428,997
428,996
428,995
428,994
428,993
428,958
428,957
428,956
428,955
428,954
428,953
428,952
428,951
428,950
428,949
428,948
428,947
428,946
428,945
428,944
428,943
428,585
428,584
429,1141
429,1012
429,1011
429,942
429,941
429,584
430,1141
430,1023
430,1022
430,1021
430,1020
430,1019
430,1018
430,1017
430,1016
430,1015
430,1014
430,1013
430,940
430,939
430,938
430,937
430,936
430,935
430,934
430,933
430,584
430,583
431,1142
431,1027
431,1026
431,1025
431,1024
431,932
431,931
431,930
431,929
431,583
431,582
432,1143
432,1030
432,1029
432,1028
432,928
432,927
432,926
432,925
432,924
432,582
433,1143
433,1033
433,1032
433,1031
433,923
433,922
433,582
433,581
434,1143
434,1037
434,1036
434,1035
434,1034
434,921
434,920
434,919
434,918
434,581
434,580
435,1143
435,1041
435,1040
435,1039
435,1038
435,917
435,916
435,915
435,914
435,580
436,1143
436,1043
436,1042
436,1041
436,913
436,580
436,579
437,1143
437,1046
437,1045
437,1044
437,912
437,911
437,910
437,579
437,578
438,1144
438,1048
438,1047
438,1046
438,910
438,909
438,908
438,578
439,1145
439,1052
439,1051
439,1050
439,1049
439,907
439,906
439,905
439,904
439,903
439,578
439,577
440,1145
440,1054
440,1053
440,1052
440,903
440,902
440,577
440,576
441,1145
441,1058
441,1057
441,1056
441,1055
441,902
441,901
441,900
441,899
441,576
442,1145
442,1059
442,1058
442,899
442,898
442,576
442,575
443,1145
443,1062
443,1061
443,1060
443,897
443,896
443,895
443,575
443,574
444,1145
444,1064
444,1063
444,1062
444,895
444,894
444,893
444,574
444,573
445,1146
445,1067
445,1066
445,1065
445,1064
445,893
445,892
445,891
445,573
445,572
446,1146
446,1069
446,1068
446,1067
446,891
446,890
446,889
446,572
447,1147
447,1072
447,1071
447,1070
447,1069
447,889
447,888
447,887
447,572
447,571
448,1147
448,1073
448,1072
448,887
448,886
448,571
448,570
449,1147
449,1076
449,1075
449,1074
449,886
449,885
449,884
449,570
449,569
450,1147
450,1078
450,1077
450,884
450,883
450,569
450,568
451,1147
451,1080
451,1079
451,1078
451,883
451,882
451,881
451,568
452,1148
452,1082
452,1081
452,881
452,880
452,568
452,567
453,1149
453,1148
453,1085
453,1084
453,1083
453,1082
453,880
453,879
453,878
453,567
453,566
454,1149
454,1087
454,1086
454,1085
454,878
454,877
454,566
454,565
455,1149
455,1089
455,1088
455,1087
455,877
455,876
455,875
455,565
455,564
456,1149
456,1091
456,1090
456,1089
456,875
456,874
456,564
456,563
457,1149
457,1093
457,1092
457,1091
457,874
457,873
457,563
457,562
458,1150
458,1095
458,1094
458,1093
458,873
458,872
458,562
459,1151
459,1097
459,1096
459,1095
459,872
459,871
459,562
459,561
460,1151
460,1099
460,1098
460,871
460,870
460,869
460,561
460,560
461,1151
461,1102
461,1101
461,1100
461,1099
461,869
461,868
461,560
461,559
462,1151
462,1103
462,1102
462,868
462,867
462,559
462,558
463,1151
463,1105
463,1104
463,1103
463,867
463,866
463,558
463,557
464,1151
464,1107
464,1106
464,866
464,865
464,557
464,556
465,1152
465,1109
465,1108
465,1107
465,865
465,864
465,863
465,556
465,555
466,1153
466,1152
466,1111
466,1110
466,1109
466,863
466,862
466,555
466,554
467,1153
467,1112
467,1111
467,862
467,861
467,554
467,553
468,1153
468,1114
468,1113
468,861
468,553
468,552
469,1153
469,1116
469,1115
469,1114
469,861
469,860
469,552
469,551
470,1153
470,1118
470,1117
470,1116
470,860
470,859
470,858
470,551
470,550
471,1153
471,1120
471,1119
471,1118
471,858
471,857
471,550
471,549
472,1154
472,1121
472,1120
472,857
472,856
472,549
472,548
473,1154
473,1123
473,1122
473,1121
473,856
473,548
473,547
474,1155
474,1125
474,1124
474,1123
474,856
474,855
474,547
474,546
475,1155
475,1126
475,1125
475,855
475,854
475,546
475,545
476,1155
476,1128
476,1127
476,1126
476,854
476,545
476,544
477,1155
477,1129
477,1128
477,854
477,853
477,544
477,543
478,1155
478,1131
478,1130
478,1129
478,853
478,852
478,543
478,542
478,541
479,1155
479,1132
479,1131
479,852
479,851
479,541
480,1155
480,1134
480,1133
480,1132
480,851
480,850
480,541
480,540
480,539
481,1155
481,1135
481,1134
481,850
481,539
481,538
482,1155
482,1136
482,1135
482,850
482,849
482,538
482,537
483,1155
483,1137
483,1136
483,849
483,848
483,537
483,536
484,1155
484,1138
484,1137
484,848
484,536
484,535
485,1155
485,1139
485,1138
485,848
485,847
485,535
485,534
486,1155
486,1141
486,1140
486,1139
486,847
486,846
486,534
486,533
487,1156
487,1142
487,1141
487,846
487,533
487,532
488,1155
488,1143
488,1142
488,846
488,845
488,532
488,531
489,1155
489,1145
489,1144
489,1143
489,845
489,844
489,531
489,530
490,1155
490,1150
490,1149
490,1148
490,1147
490,1146
490,1145
490,844
490,530
490,529
491,1155
491,1154
491,1153
491,1152
491,1151
491,844
491,843
491,529
491,528
491,527
492,843
492,842
492,527
492,526
493,842
493,526
493,525
494,842
494,841
494,525
494,524
495,841
495,840
495,524
495,523
496,840
496,523
496,522
497,840
497,522
497,521
498,840
498,521
498,520
498,519
499,840
499,839
499,519
499,518
500,839
500,838
500,518
500,517
501,838
501,517
501,516
502,838
502,516
502,515
502,514
503,838
503,837
503,514
503,513
504,837
504,836
504,513
504,512
505,836
505,512
505,511
505,510
506,836
506,510
506,509
507,836
507,835
507,509
507,508
508,835
508,508
508,507
508,506
509,835
509,834
509,506
509,505
509,504
510,834
510,504
510,503
511,834
511,503
511,502
511,501
512,834
512,501
512,500
513,833
513,500
513,499
513,498
514,833
514,832
514,498
514,497
514,496
515,832
515,496
515,495
515,494
516,832
516,494
516,493
516,492
517,832
517,492
517,491
517,490
517,489
518,831
518,489
518,488
519,831
519,487
519,486
519,485
520,831
520,485
520,484
520,483
521,830
521,483
521,482
521,481
522,830
522,483
523,830
523,483
523,482
523,481
524,830
524,484
524,483
525,830
525,486
525,485
525,484
526,830
526,487
526,486
527,830
527,489
527,488
527,487
528,829
528,491
528,490
528,489
529,830
529,493
529,492
529,491
530,829
530,495
530,494
531,829
531,498
531,497
531,496
531,495
532,829
532,500
532,499
533,829
533,502
533,501
533,500
534,829
534,505
534,504
534,503
535,829
535,508
535,507
535,506
535,505
536,829
536,510
536,509
537,830
537,511
537,510
538,830
538,514
538,513
538,512
539,830
539,516
539,515
539,514
540,830
540,518
540,517
540,516
541,830
541,520
541,519
541,518
542,830
542,522
542,521
542,520
543,830
543,523
543,522
544,830
544,526
544,525
544,524
544,523
545,831
545,527
545,526
546,831
546,529
546,528
546,527
547,831
547,530
547,529
548,832
548,532
548,531
548,530
549,832
549,533
549,532
550,832
550,535
550,534
550,533
551,832
551,536
551,535
552,833
552,832
552,537
552,536
553,833
553,538
553,537
554,834
554,539
554,538
555,834
555,541
555,540
555,539
556,835
556,834
556,542
556,541
557,835
557,543
557,542
558,835
558,544
558,543
559,836
559,545
559,544
560,836
560,546
560,545
561,837
561,836
561,547
561,546
562,838
562,837
562,548
562,547
563,838
563,549
563,548
564,838
564,550
564,549
565,839
565,838
565,551
565,550
566,839
566,552
566,551
567,840
567,552
568,840
568,553
568,552
569,841
569,840
569,554
569,553
570,842
570,841
570,555
570,554
571,842
571,555
572,843
572,842
572,556
572,555
573,844
573,843
573,557
573,556
574,844
574,558
574,557
575,845
575,844
575,558
576,846
576,845
576,559
576,558
577,846
577,560
577,559
578,847
578,846
578,560
579,848
579,847
579,561
579,560
580,848
580,561
581,850
581,849
581,848
581,561
582,850
582,562
583,851
583,850
583,563
583,562
584,851
584,563
585,852
585,851
585,564
585,563
586,853
586,852
586,564
587,854
587,853
587,565
587,564
588,855
588,854
588,565
589,856
589,855
589,565
590,857
590,856
590,566
591,858
591,857
591,566
592,859
592,858
592,566
593,860
593,859
593,566
594,861
594,860
594,566
595,862
595,861
595,566
596,863
596,862
596,567
597,864
597,863
597,567
598,865
598,864
598,568
599,867
599,866
599,865
599,568
600,868
600,867
600,568
601,870
601,869
601,868
601,568
602,871
602,870
602,568
603,872
603,871
603,568
604,873
604,872
604,568
605,875
605,874
605,873
605,568
606,876
606,875
606,568
607,878
607,877
607,876
607,568
608,879
608,878
608,568
609,881
609,880
609,879
609,568
610,883
610,882
610,881
610,568
611,884
611,883
611,568
612,886
612,885
612,884
612,568
613,888
613,887
613,886
613,568
614,890
614,889
614,888
614,568
615,891
615,890
615,568
616,894
616,893
616,892
616,891
616,568
617,896
617,895
617,894
617,568
618,899
618,898
618,897
618,896
618,567
619,900
619,899
619,566
620,904
620,903
620,902
620,901
620,566
621,905
621,904
621,566
622,909
622,908
622,907
622,906
622,566
623,911
623,910
623,909
623,566
624,915
624,914
624,913
624,912
624,911
624,565
625,917
625,916
625,565
626,923
626,922
626,921
626,920
626,919
626,918
626,565
626,564
627,924
627,564
628,931
628,930
628,929
628,928
628,927
628,926
628,925
628,564
629,933
629,932
629,563
630,941
630,940
630,939
630,938
630,937
630,936
630,935
630,934
630,563
630,562
631,944
631,943
631,942
631,562
632,951
632,950
632,949
632,948
632,947
632,946
632,945
632,562
633,957
633,956
633,955
633,954
633,953
633,952
633,561
634,965
634,964
634,963
634,962
634,961
634,960
634,959
634,958
634,561
634,560
635,976
635,975
635,974
635,973
635,972
635,971
635,970
635,969
635,968
635,967
635,966
635,560
636,985
636,984
636,983
636,982
636,981
636,980
636,979
636,978
636,977
636,560
636,559
637,999
637,998
637,997
637,996
637,995
637,994
637,993
637,992
637,991
637,990
637,989
637,988
637,987
637,986
637,559
638,1006
638,1005
638,1004
638,1003
638,1002
638,1001
638,1000
638,559
638,558
639,1024
639,1023
639,1022
639,1021
639,1020
639,1019
639,1018
639,1017
639,1016
639,1015
639,1014
639,1013
639,1012
639,1011
639,1010
639,1009
639,1008
639,1007
639,558
639,557
640,1031
640,1030
640,1029
640,1028
640,1027
640,1026
640,1025
640,557
641,1044
641,1043
641,1042
641,1041
641,1040
641,1039
641,1038
641,1037
641,1036
641,1035
641,1034
641,1033
641,1032
641,557
641,556
642,1047
642,1046
642,1045
642,556
643,1060
643,1059
643,1058
643,1057
643,1056
643,1055
643,1054
643,1053
643,1052
643,1051
643,1050
643,1049
643,1048
643,556
643,555
644,1064
644,1063
644,1062
644,1061
644,555
645,1080
645,1079
645,1078
645,1077
645,1076
645,1075
645,1074
645,1073
645,1072
645,1071
645,1070
645,1069
645,1068
645,1067
645,1066
645,1065
645,555
645,554
646,1081
646,554
646,553
647,1096
647,1095
647,1094
647,1093
647,1092
647,1091
647,1090
647,1089
647,1088
647,1087
647,1086
647,1085
647,1084
647,1083
647,1082
647,553
647,552
648,1098
648,1097
648,552
649,1115
649,1114
649,1113
649,1112
649,1111
649,1110
649,1109
649,1108
649,1107
649,1106
649,1105
649,1104
649,1103
649,1102
649,1101
649,1100
649,1099
649,552
649,551
650,1118
650,1117
650,1116
650,551
650,550
651,1138
651,1137
651,1136
651,1135
651,1134
651,1133
651,1132
651,1131
651,1130
651,1129
651,1128
651,1127
651,1126
651,1125
651,1124
651,1123
651,1122
651,1121
651,1120
651,1119
651,550
651,549
652,1140
652,1139
652,549
653,1151
653,1150
653,1149
653,1148
653,1147
653,1146
653,1145
653,1144
653,1143
653,1142
653,1141
653,549
653,548
654,1153
654,1152
654,1151
654,548
654,547
655,547
656,1152
656,547
656,546
657,1152
657,1151
657,546
657,545
658,1151
658,1150
658,545
658,544
659,1150
659,1149
659,544
659,543
660,1149
660,1148
660,543
660,542
661,1148
661,1147
661,542
661,541
662,1147
662,1146
662,541
663,1146
663,1145
663,1144
663,541
663,540
664,1144
664,1143
664,540
664,539
665,1143
665,1142
665,539
665,538
666,1142
666,1141
666,538
666,537
667,1141
667,1140
667,1139
667,537
667,536
668,1139
668,536
668,535
669,1139
669,1138
669,1137
669,535
669,534
670,1137
670,1136
670,534
670,533
671,1136
671,1135
671,533
671,532
672,1135
672,1134
672,532
672,531
673,1134
673,1133
673,1132
673,531
673,530
674,1132
674,1131
674,530
674,529
675,1131
675,1130
675,529
675,528
676,1130
676,1129
676,1128
676,528
676,527
677,1128
677,1127
677,527
677,526
678,1127
678,1126
678,526
678,525
679,1126
679,1125
679,525
679,524
680,1125
680,1124
680,1123
680,524
680,523
680,522
681,1123
681,1122
681,522
681,521
682,1122
682,1121
682,521
682,520
683,1121
683,1120
683,520
683,519
684,1120
684,1119
684,1118
684,519
684,518
685,1118
685,1117
685,518
685,517
685,516
686,1117
686,1116
686,516
686,515
687,1116
687,1115
687,515
687,514
688,1115
688,1114
688,1113
688,514
688,513
689,1113
689,1112
689,513
689,512
690,1112
690,1111
690,1110
690,512
690,511
690,510
691,1110
691,1109
691,510
691,509
692,1109
692,1108
692,509
692,508
693,1108
693,1107
693,508
693,507
693,506
694,1107
694,1106
694,1105
694,506
694,505
695,1105
695,1104
695,505
695,504
696,1104
696,1103
696,504
696,503
696,502
697,1103
697,1102
697,502
697,501
698,1102
698,1101
698,1100
698,501
698,500
698,499
699,1100
699,1099
699,499
699,498
700,1099
700,1098
700,498
700,497
700,496
701,1098
701,1097
701,1096
701,496
701,495
702,1096
702,495
702,494
703,1096
703,494
703,493
703,492
704,1096
704,492
704,491
704,490
705,1096
705,490
705,489
706,1096
706,489
706,488
706,487
707,1096
707,487
707,486
707,485
708,1096
708,485
708,484
709,1096
709,484
709,483
709,482
710,1096
710,482
710,481
710,480
711,1096
711,480
711,479
711,478
712,1096
712,478
712,477
712,476
713,1096
713,476
713,475
714,1096
714,475
714,474
714,473
715,1096
715,473
715,472
715,471
716,1096
716,471
716,470
716,469
717,1096
717,469
717,468
717,467
717,466
718,1096
718,466
718,465
719,1096
719,465
719,464
719,463
720,1096
720,463
720,462
720,461
720,460
721,1096
721,460
721,459
721,458
722,1096
722,458
722,457
722,456
723,1096
723,456
723,455
723,454
723,453
724,1096
724,453
724,452
724,451
725,1096
725,451
725,450
725,449
725,448
726,1096
726,447
726,446
726,445
727,1096
727,445
727,444
727,443
727,442
728,1096
728,442
728,441
728,440
729,1096
729,440
729,439
729,438
729,437
730,1096
730,436
730,435
731,1096
731,435
731,434
731,433
731,432
732,1096
732,431
732,430
733,1096
733,430
733,429
733,428
734,1096
734,427
734,426
734,425
734,424
735,1096
735,424
735,423
735,422
736,1096
736,421
736,420
736,419
737,1096
737,419
737,418
737,417
738,1096
738,416
738,415
738,414
739,1096
739,413
739,412
739,411
740,1096
740,410
740,409
740,408
740,407
741,1096
741,407
741,406
742,1096
742,405
742,404
742,403
742,402
742,401
743,1096
743,400
744,1096
744,399
744,398
744,397
744,396
744,395
745,1096
745,395
745,394
745,393
745,392
746,1096
746,391
746,390
746,389
746,388
747,1096
747,387
747,386
748,1096
748,386
748,385
748,384
748,383
748,382
749,1096
749,381
749,380
750,1096
750,379
750,378
750,377
750,376
750,375
751,1096
751,375
751,374
751,373
752,1096
752,373
752,372
752,371
752,370
753,1096
753,370
753,369
753,368
754,1096
754,368
754,367
754,366
754,365
755,1096
755,365
755,364
756,1096
756,364
756,363
757,1096
757,363
758,1096
758,365
758,364
758,363
759,1096
759,366
759,365
760,1096
760,371
760,370
760,369
760,368
760,367
760,366
761,1096
761,373
761,372
762,1096
762,380
762,379
762,378
762,377
762,376
762,375
762,374
763,1096
763,383
763,382
763,381
764,1096
764,390
764,389
764,388
764,387
764,386
764,385
764,384
765,1096
765,393
765,392
765,391
766,1096
766,396
766,395
766,394
767,1096
767,400
767,399
767,398
767,397
768,1096
768,401
768,400
769,1096
769,405
769,404
769,403
769,402
770,1096
770,408
770,407
770,406
771,1096
771,412
771,411
771,410
771,409
772,1096
772,413
772,412
773,1096
773,417
773,416
773,415
773,414
774,1096
774,419
774,418
775,1096
775,423
775,422
775,421
775,420
776,1096
776,425
776,424
776,423
777,1096
777,428
777,427
777,426
778,1096
778,430
778,429
778,428
779,1096
779,434
779,433
779,432
779,431
779,430
780,1096
780,435
780,434
781,1096
781,438
781,437
781,436
782,1096
782,440
782,439
783,1096
783,443
783,442
783,441
783,440
784,1096
784,445
784,444
785,1096
785,449
785,448
785,447
785,446
786,1096
786,450
786,449
787,1096
787,453
787,452
787,451
788,1096
788,455
788,454
788,453
789,1096
789,458
789,457
789,456
789,455
790,1096
790,460
790,459
791,1096
791,462
791,461
791,460
792,1096
792,464
792,463
792,462
793,1096
793,466
793,465
793,464
794,1096
794,468
794,467
794,466
795,1096
795,470
795,469
795,468
796,1096
796,472
796,471
797,1096
797,474
797,473
797,472
798,1096
798,476
798,475
798,474
799,1096
799,478
799,477
799,476
800,1096
800,479
800,478
801,1096
801,480
801,479
802,1096
802,482
802,481
802,480
803,1096
803,483
803,482
804,1096
804,485
804,484
804,483
805,1096
805,486
805,485
806,1096
806,488
806,487
806,486
807,1096
807,490
807,489
807,488
808,1096
808,491
808,490
809,1096
809,493
809,492
809,491
810,1096
810,495
810,494
810,493
811,1097
811,1096
811,496
811,495
812,1098
812,1097
812,498
812,497
812,496
813,1099
813,1098
813,499
813,498
814,1101
814,1100
814,1099
814,501
814,500
814,499
815,1102
815,1101
815,503
815,502
815,501
816,1104
816,1103
816,1102
816,505
816,504
816,503
817,1104
817,506
817,505
818,1106
818,1105
818,1104
818,508
818,507
818,506
819,1107
819,1106
819,509
819,508
820,1109
820,1108
820,510
820,509
821,1110
821,1109
821,511
821,510
822,1112
822,1111
822,1110
822,513
822,512
822,511
823,1113
823,1112
823,514
823,513
824,1115
824,1114
824,1113
824,516
824,515
824,514
825,1116
825,1115
825,517
825,516
826,1117
826,1116
826,518
826,517
827,1118
827,1117
827,519
827,518
828,1120
828,1119
828,1118
828,520
828,519
829,1121
829,1120
829,521
829,520
830,1122
830,1121
830,522
830,521
831,1123
831,1122
831,523
831,522
832,1124
832,1123
832,524
832,523
833,1125
833,1124
833,525
833,524
834,1125
834,526
834,525
835,1125
835,528
835,527
835,526
836,1126
836,529
836,528
837,1127
837,1126
837,529
838,1129
838,1128
838,1127
838,530
838,529
839,1132
839,1131
839,1130
839,531
839,530
840,1134
840,1133
840,1132
840,532
840,531
841,1135
841,1134
841,534
841,533
841,532
842,1136
842,1135
842,534
843,1138
843,1137
843,1136
843,535
843,534
844,1139
844,1138
844,536
844,535
845,1140
845,1139
845,537
845,536
846,1141
846,1140
846,538
846,537
847,1142
847,1141
847,539
847,538
848,1143
848,1142
848,539
849,1145
849,1144
849,1143
849,540
849,539
850,1146
850,1145
850,541
850,540
851,1147
851,1146
851,542
851,541
852,1148
852,1147
852,543
852,542
853,1149
853,1148
853,543
854,1150
854,1149
854,544
854,543
855,1152
855,1151
855,1150
855,545
855,544
856,1153
856,1152
856,546
856,545
857,1154
857,1153
857,547
857,546
858,1153
858,547
859,1154
859,1153
859,1152
859,1151
859,1150
859,1149
859,1148
859,1147
859,548
859,547
860,1146
860,1145
860,1144
860,549
860,548
861,1143
861,1142
861,1141
861,1140
861,1139
861,1138
861,1137
861,1136
861,1135
861,1134
861,1133
861,550
861,549
862,1132
862,1131
862,1130
862,1129
862,550
863,1128
863,1127
863,1126
863,1125
863,1124
863,1123
863,1122
863,1121
863,1120
863,1119
863,1118
863,1117
863,1116
863,1115
863,1114
863,1113
863,1112
863,1111
863,551
863,550
864,1110
864,1109
864,1108
864,1107
864,552
864,551
865,1106
865,1105
865,1104
865,1103
865,1102
865,1101
865,1100
865,1099
865,1098
865,1097
865,1096
865,1095
865,1094
865,1093
865,1092
865,1091
865,1090
865,1089
865,1088
865,1087
865,1086
865,1085
865,1084
865,552
866,1083
866,1082
866,1081
866,1080
866,553
866,552
867,1079
867,1078
867,1077
867,1076
867,1075
867,1074
867,1073
867,1072
867,1071
867,1070
867,1069
867,1068
867,1067
867,554
867,553
868,1066
868,1065
868,1064
868,1063
868,1062
868,1061
868,554
869,1060
869,1059
869,1058
869,1057
869,1056
869,1055
869,1054
869,1053
869,1052
869,1051
869,1050
869,555
869,554
870,1049
870,1048
870,1047
870,1046
870,1045
870,1044
870,1043
870,1042
870,1041
870,556
870,555
871,1040
871,1039
871,1038
871,1037
871,1036
871,1035
871,1034
871,556
872,1033
872,1032
872,1031
872,1030
872,1029
872,1028
872,1027
872,1026
872,1025
872,1024
872,557
872,556
873,1023
873,1022
873,1021
873,1020
873,1019
873,1018
873,557
874,1017
874,1016
874,1015
874,1014
874,1013
874,1012
874,1011
874,1010
874,1009
874,1008
874,1007
874,1006
874,1005
874,1004
874,558
874,557
875,1003
875,1002
875,1001
875,558
876,1000
876,999
876,998
876,997
876,996
876,995
876,994
876,993
876,992
876,991
876,990
876,989
876,988
876,987
876,986
876,985
876,559
876,558
877,984
877,983
877,559
878,982
878,981
878,980
878,979
878,978
878,977
878,976
878,975
878,974
878,973
878,972
878,971
878,970
878,969
878,968
878,967
878,966
878,965
878,560
878,559
879,964
879,963
879,962
879,560
880,961
880,960
880,959
880,958
880,957
880,956
880,955
880,954
880,953
880,952
880,951
880,950
880,949
880,948
880,947
880,946
880,561
880,560
881,945
881,561
882,944
882,943
882,942
882,941
882,940
882,939
882,938
882,937
882,936
882,935
882,562
883,934
883,562
884,933
884,932
884,931
884,930
884,929
884,928
884,927
884,926
884,562
885,925
885,563
885,562
886,924
886,923
886,922
886,921
886,920
886,563
887,919
887,918
887,564
888,917
888,916
888,915
888,914
888,564
889,913
889,912
889,564
890,912
890,911
890,910
890,909
890,908
890,565
890,564
891,907
891,906
891,565
892,906
892,905
892,904
892,903
892,902
892,565
893,901
893,900
893,565
894,900
894,899
894,898
894,897
894,896
894,566
895,895
895,894
895,566
896,894
896,893
896,892
896,891
896,566
897,891
897,890
897,566
898,890
898,889
898,888
898,566
899,887
899,886
899,566
900,886
900,885
900,884
900,566
901,884
901,883
901,882
901,567
902,882
902,881
902,568
903,881
903,880
903,568
904,880
904,879
904,878
904,568
905,878
905,877
905,568
906,877
906,876
906,875
906,568
907,875
907,874
907,568
908,874
908,873
908,568
909,873
909,872
909,871
909,568
910,871
910,870
910,568
911,870
911,869
911,568
912,869
912,868
912,568
913,868
913,867
913,567
914,867
914,866
914,566
915,866
915,865
915,566
916,865
916,864
916,566
917,864
917,863
917,862
917,566
918,862
918,861
918,566
919,861
919,860
919,566
920,860
920,859
920,566
921,859
921,858
921,565
922,858
922,857
922,565
923,857
923,856
923,565
923,564
924,856
924,855
924,564
925,855
925,854
925,564
926,854
926,853
926,564
927,853
927,852
927,563
928,852
928,851
928,563
929,851
929,850
929,563
929,562
930,850
930,849
930,562
931,849
931,561
932,849
932,848
932,561
933,848
933,847
933,561
933,560
934,847
934,846
934,560
935,846
935,845
935,560
935,559
936,845
936,844
936,559
936,558
937,844
937,558
938,844
938,843
938,558
938,557
939,843
939,842
939,557
940,842
940,557
940,556
941,842
941,841
941,556
941,555
942,841
942,555
943,841
943,840
943,555
943,554
944,840
944,554
944,553
945,840
945,839
945,553
945,552
946,839
946,552
946,551
947,839
947,838
947,551
948,838
948,551
948,550
948,549
949,838
949,837
949,549
950,837
950,836
950,549
950,548
951,836
951,548
951,547
952,836
952,547
952,546
953,836
953,546
953,545
954,835
954,545
954,544
955,835
955,834
955,544
955,543
956,834
956,543
956,542
957,834
957,542
957,541
957,540
958,834
958,540
958,539
959,833
959,539
959,538
960,833
960,538
960,537
961,833
961,832
961,537
961,536
962,832
962,536
962,535
962,534
963,832
963,534
963,533
964,832
964,533
964,532
965,832
965,531
965,530
966,831
966,530
966,529
967,831
967,529
967,528
967,527
968,831
968,527
968,526
969,831
969,526
969,525
969,524
970,831
970,524
970,523
970,522
971,830
971,522
971,521
972,830
972,521
972,520
972,519
973,830
973,519
973,518
973,517
974,830
974,517
974,516
974,515
975,830
975,515
975,514
975,513
976,830
976,513
976,512
976,511
977,830
977,511
977,510
977,509
978,830
978,509
978,508
978,507
979,830
979,507
979,506
979,505
980,830
980,504
980,503
981,830
981,502
981,501
981,500
982,830
982,500
982,499
983,830
983,498
983,497
983,496
983,495
984,830
984,494
984,493
985,831
985,492
985,491
985,490
985,489
985,488
986,831
986,488
987,831
987,487
987,486
987,485
987,484
987,483
987,482
988,831
988,482
988,481
989,831
989,482
990,832
990,482
990,481
991,832
991,485
991,484
991,483
991,482
992,832
992,486
992,485
993,832
993,488
993,487
993,486
994,832
994,489
994,488
995,832
995,491
995,490
995,489
996,833
996,492
996,491
997,833
997,494
997,493
997,492
998,834
998,495
998,494
999,834
999,497
999,496
999,495
1000,834
1000,499
1000,498
1000,497
1001,835
1001,834
1001,500
1001,499
1002,835
1002,501
1002,500
1003,835
1003,503
1003,502
1003,501
1004,836
1004,504
1004,503
1005,836
1005,506
1005,505
1005,504
1006,836
1006,507
1006,506
1007,836
1007,509
1007,508
1007,507
1008,837
1008,510
1008,509
1009,838
1009,837
1009,511
1009,510
1010,838
1010,513
1010,512
1010,511
1011,838
1011,514
1011,513
1012,839
1012,838
1012,515
1012,514
1013,840
1013,839
1013,517
1013,516
1013,515
1014,840
1014,518
1014,517
1015,840
1015,519
1015,518
1016,841
1016,840
1016,521
1016,520
1016,519
1017,842
1017,841
1017,522
1017,521
1018,842
1018,523
1018,522
1019,1153
1019,1151
1019,842
1019,524
1019,523
1020,1153
1020,1152
1020,1150
1020,1149
1020,1148
1020,843
1020,842
1020,526
1020,525
1020,524
1021,1154
1021,1153
1021,1148
1021,1147
1021,844
1021,843
1021,527
1021,526
1022,1154
1022,1147
1022,844
1022,528
1022,527
1023,1153
1023,1147
1023,845
1023,844
1023,530
1023,529
1023,528
1024,1154
1024,1147
1024,1146
1024,1145
1024,846
1024,845
1024,531
1024,530
1025,1154
1025,1145
1025,846
1025,532
1025,531
1026,1154
1026,1145
1026,1144
1026,1143
1026,847
1026,846
1026,534
1026,533
1026,532
1027,1154
1027,1143
1027,1142
1027,848
1027,847
1027,535
1027,534
1028,1153
1028,1142
1028,1141
1028,1140
1028,848
1028,536
1028,535
1029,1153
1029,1140
1029,1139
1029,849
1029,848
1029,537
1029,536
1030,1153
1030,1139
1030,1138
1030,1137
1030,850
1030,849
1030,538
1030,537
1031,1153
1031,1137
1031,1136
1031,850
1031,539
1031,538
1032,1153
1032,1136
1032,1135
1032,1134
1032,851
1032,850
1032,540
1032,539
1033,1153
1033,1134
1033,1133
1033,1132
1033,852
1033,851
1033,541
1033,540
1034,1152
1034,1132
1034,1131
1034,1130
1034,853
1034,852
1034,543
1034,542
1034,541
1035,1152
1035,1130
1035,1129
1035,1128
1035,854
1035,853
1035,544
1035,543
1036,1151
1036,1128
1036,1127
1036,854
1036,545
1036,544
1037,1151
1037,1127
1037,1126
1037,1125
1037,855
1037,854
1037,546
1037,545
1038,1151
1038,1125
1038,1124
1038,1123
1038,856
1038,855
1038,547
1038,546
1039,1151
1039,1123
1039,1122
1039,1121
1039,857
1039,856
1039,548
1039,547
1040,1151
1040,1121
1040,1120
1040,858
1040,857
1040,549
1040,548
1041,1151
1041,1119
1041,1118
1041,1117
1041,859
1041,858
1041,551
1041,550
1042,1150
1042,1117
1042,1116
1042,859
1042,552
1042,551
1043,1150
1043,1116
1043,1115
1043,1114
1043,860
1043,859
1043,553
1043,552
1044,1149
1044,1114
1044,1113
1044,1112
1044,861
1044,860
1044,554
1044,553
1045,1149
1045,1112
1045,1111
1045,1110
1045,863
1045,862
1045,861
1045,555
1045,554
1046,1149
1046,1110
1046,1109
1046,1108
1046,864
1046,863
1046,556
1046,555
1047,1149
1047,1108
1047,1107
1047,1106
1047,865
1047,864
1047,557
1047,556
1048,1149
1048,1106
1048,1105
1048,1104
1048,866
1048,865
1048,558
1048,557
1049,1149
1049,1104
1049,1103
1049,1102
1049,867
1049,866
1049,559
1049,558
1050,1148
1050,1102
1050,1101
1050,868
1050,867
1050,560
1050,559
1051,1147
1051,1101
1051,1100
1051,1099
1051,1098
1051,869
1051,868
1051,561
1051,560
1052,1147
1052,1098
1052,1097
1052,870
1052,869
1052,562
1052,561
1053,1147
1053,1097
1053,1096
1053,1095
1053,871
1053,870
1053,562
1054,1147
1054,1095
1054,1094
1054,1093
1054,873
1054,872
1054,871
1054,563
1054,562
1055,1147
1055,1146
1055,1093
1055,1092
1055,1091
1055,874
1055,873
1055,564
1055,563
1056,1146
1056,1091
1056,1090
1056,1089
1056,875
1056,874
1056,565
1056,564
1057,1145
1057,1089
1057,1088
1057,1087
1057,877
1057,876
1057,875
1057,566
1057,565
1058,1145
1058,1087
1058,1086
1058,878
1058,877
1058,566
1059,1145
1059,1086
1059,1085
1059,1084
1059,1083
1059,880
1059,879
1059,878
1059,567
1059,566
1060,1145
1060,1083
1060,1082
1060,1081
1060,881
1060,880
1060,568
1060,567
1061,1145
1061,1081
1061,1080
1061,1079
1061,883
1061,882
1061,881
1061,569
1061,568
1062,1145
1062,1079
1062,1078
1062,884
1062,883
1062,570
1062,569
1063,1145
1063,1078
1063,1077
1063,1076
1063,1075
1063,886
1063,885
1063,884
1063,570
1064,1144
1064,1143
1064,1075
1064,1074
1064,887
1064,886
1064,571
1064,570
1065,1143
1065,1074
1065,1073
1065,1072
1065,1071
1065,889
1065,888
1065,887
1065,572
1065,571
1066,1143
1066,1071
1066,1070
1066,1069
1066,891
1066,890
1066,889
1066,573
1066,572
1067,1143
1067,1069
1067,1068
1067,1067
1067,893
1067,892
1067,891
1067,574
1067,573
1068,1143
1068,1067
1068,1066
1068,1065
1068,895
1068,894
1068,893
1068,574
1069,1143
1069,1142
1069,1065
1069,1064
1069,1063
1069,896
1069,895
1069,575
1069,574
1070,1142
1070,1062
1070,1061
1070,1060
1070,1059
1070,899
1070,898
1070,897
1070,576
1070,575
1071,1141
1071,1059
1071,1058
1071,1057
1071,900
1071,899
1071,577
1071,576
1072,1141
1072,1056
1072,1055
1072,1054
1072,903
1072,902
1072,901
1072,900
1072,578
1072,577
1073,1141
1073,1054
1073,1053
1073,904
1073,903
1073,578
1074,1141
1074,1052
1074,1051
1074,1050
1074,1049
1074,1048
1074,908
1074,907
1074,906
1074,905
1074,579
1074,578
1075,1141
1075,1047
1075,1046
1075,910
1075,909
1075,908
1075,580
1075,579
1076,1141
1076,1046
1076,1045
1076,1044
1076,1043
1076,1042
1076,913
1076,912
1076,911
1076,910
1076,580
1077,1140
1077,1042
1077,1041
1077,1040
1077,914
1077,913
1077,581
1077,580
1078,1139
1078,1039
1078,1038
1078,1037
1078,1036
1078,1035
1078,917
1078,916
1078,915
1078,582
1078,581
1079,1139
1079,1034
1079,1033
1079,1032
1079,919
1079,918
1079,583
1079,582
1080,1139
1080,1031
1080,1030
1080,1029
1080,1028
1080,1027
1080,1026
1080,1025
1080,924
1080,923
1080,922
1080,921
1080,920
1080,584
1080,583
1081,1139
1081,1024
1081,926
1081,925
1081,584
1082,1139
1082,1023
1082,1022
1082,1021
1082,1020
1082,1019
1082,1018
1082,1017
1082,1016
1082,1015
1082,1014
1082,931
1082,930
1082,929
1082,928
1082,927
1082,584
1083,1139
1083,1013
1083,1012
1083,1011
1083,932
1083,585
1083,584
1084,1138
1084,1010
1084,1009
1084,1008
1084,1007
1084,1006
1084,1005
1084,1004
1084,1003
1084,1002
1084,1001
1084,1000
1084,999
1084,998
1084,997
1084,996
1084,995
1084,994
1084,993
1084,992
1084,991
1084,990
1084,989
1084,988
1084,987
1084,986
1084,985
1084,948
1084,947
1084,946
1084,945
1084,944
1084,943
1084,942
1084,941
1084,940
1084,939
1084,938
1084,937
1084,936
1084,935
1084,934
1084,933
1084,586
1084,585
1085,1138
1085,1137
1085,984
1085,983
1085,951
1085,950
1085,949
1085,586
1086,1137
1086,982
1086,981
1086,980
1086,979
1086,978
1086,977
1086,976
1086,975
1086,974
1086,973
1086,972
1086,971
1086,970
1086,969
1086,968
1086,967
1086,966
1086,965
1086,964
1086,963
1086,962
1086,961
1086,960
1086,959
1086,958
1086,957
1086,956
1086,955
1086,954
1086,953
1086,952
1086,587
1086,586
1087,1137
1087,587
1088,1137
1088,588
1088,587
1089,1137
1089,588
1090,1136
1090,589
1091,1136
1091,589
1092,1135
1092,590
1092,589
1093,1135
1093,590
1094,1135
1094,590
1095,1135
1095,591
1096,1135
1096,591
1097,1134
1097,592
1097,591
1098,1134
1098,592
1099,1133
1099,593
1100,1133
1100,593
1101,1133
1101,594
1101,593
1102,1132
1102,594
1103,1132
1103,594
1104,1132
1104,595
1105,1131
1105,595
1106,1131
1106,595
1107,1131
1107,596
1108,1131
1108,596
1109,1130
1109,597
1110,1130
1110,597
1111,1130
1111,597
1112,1129
1112,598
1113,1129
1113,598
1114,1129
1114,599
1115,1128
1115,599
1116,1128
1116,599
1117,1128
1117,1127
1117,600
1117,599
1118,1127
1118,600
1119,1127
1119,600
1120,1126
1120,601
1121,1126
1121,601
1122,1126
1122,601
1123,1126
1123,601
1124,1125
1124,601
1125,1125
1125,602
1126,1124
1126,603
1127,1124
1127,603
1128,1124
1128,603
1129,1124
1129,1123
1129,603
1130,1123
1130,603
1131,1123
1131,603
1132,1122
1132,603
1133,1122
1133,604
1134,1122
1134,1121
1134,604
1135,1121
1135,605
1136,1121
1136,605
1137,1120
1137,605
1138,1120
1138,605
1139,1120
1139,605
1140,1120
1140,1119
1140,605
1141,1119
1141,605
1142,1118
1142,605
1143,1118
1143,605
1144,1118
1144,605
1145,1118
1145,1117
1145,605
1146,1117
1146,605
1147,1116
1147,605
1148,1116
1148,605
1149,1116
1149,605
1150,1116
1150,1115
1150,605
1151,1115
1151,605
1152,1114
1152,605
1153,1114
1153,607
1153,605
1154,1114
1154,607
1154,605
1155,1114
1155,607
1155,605
1156,1114
1156,1113
1156,607
1156,605
1157,1113
1157,1112
1157,607
1158,1112
1158,607
1159,1112
1159,605
1160,1112
1160,1111
1160,605
1161,1111
1161,605
1162,1111
1162,1110
1162,605
1163,1110
1163,605
1164,1110
1164,605
1165,1110
1165,1109
1165,605
1166,1109
1166,605
1167,1109
1167,605
1168,1108
1168,605
1169,1108
1169,605
1170,1108
1170,1107
1170,605
1171,1107
1171,605
1172,1107
1172,1106
1172,605
1173,1106
1173,605
1174,1106
1174,605
1175,1106
1175,605
1176,1105
1176,605
1177,1105
1177,1104
1177,604
1178,1104
1178,603
1179,1104
1179,603
1180,1104
1180,1103
1180,603
1181,1103
1181,1102
1181,603
1182,1102
1182,603
1183,1102
1183,602
1184,1102
1184,602
1185,1101
1185,601
1186,1101
1186,1100
1186,601
1187,1100
1187,601
1188,1100
1188,601
1189,1099
1189,600
1190,1099
1190,600
1191,1099
1191,1098
1191,600
1191,599
1191,433
1192,1098
1192,599
1192,434
1192,432
1193,1098
1193,599
1193,598
1193,436
1193,435
1193,434
1193,432
1194,1097
1194,598
1194,439
1194,438
1194,437
1194,436
1194,432
1195,1097
1195,1096
1195,598
1195,597
1195,440
1195,439
1195,432
1196,1096
1196,597
1196,442
1196,441
1196,440
1196,432
1197,1096
1197,597
1197,596
1197,444
1197,443
1197,442
1197,433
1197,432
1198,1095
1198,596
1198,445
1198,444
1198,433
1199,1095
1199,596
1199,595
1199,447
1199,446
1199,445
1199,434
1199,433
1200,1095
1200,1094
1200,595
1200,594
1200,448
1200,447
1200,434
1201,1094
1201,594
1201,450
1201,449
1201,448
1201,434
1202,1094
1202,1093
1202,594
1202,593
1202,452
1202,451
1202,450
1202,435
1202,434
1203,1093
1203,593
1203,453
1203,452
1203,435
1204,1093
1204,1092
1204,593
1204,592
1204,456
1204,455
1204,454
1204,436
1205,1092
1205,1091
1205,592
1205,591
1205,457
1205,456
1205,436
1206,1091
1206,591
1206,590
1206,460
1206,459
1206,458
1206,437
1206,436
1207,1091
1207,590
1207,461
1207,460
1207,437
1208,1091
1208,1090
1208,590
1208,589
1208,464
1208,463
1208,462
1208,461
1208,438
1208,437
1209,1090
1209,589
1209,588
1209,465
1209,464
1209,438
1210,1090
1210,1089
1210,588
1210,587
1210,468
1210,467
1210,466
1210,439
1210,438
1211,1089
1211,587
1211,586
1211,470
1211,469
1211,468
1211,440
1211,439
1212,1089
1212,1088
1212,586
1212,585
1212,472
1212,471
1212,470
1212,440
1213,1088
1213,585
1213,584
1213,474
1213,473
1213,472
1213,440
1214,1088
1214,1087
1214,584
1214,583
1214,477
1214,476
1214,475
1214,474
1214,441
1214,440
1215,1087
1215,583
1215,582
1215,478
1215,477
1215,441
1216,1087
1216,1086
1216,582
1216,581
1216,580
1216,481
1216,480
1216,479
1216,442
1216,441
1217,1086
1217,580
1217,483
1217,482
1217,481
1217,442
1218,1086
1218,1085
1218,580
1218,579
1218,578
1218,485
1218,484
1218,483
1218,443
1218,442
1219,1085
1219,578
1219,577
1219,576
1219,487
1219,486
1219,443
1220,1085
1220,1084
1220,576
1220,575
1220,491
1220,490
1220,489
1220,488
1220,444
1220,443
1221,1084
1221,575
1221,574
1221,573
1221,493
1221,492
1221,444
1222,1084
1222,1083
1222,573
1222,572
1222,571
1222,496
1222,495
1222,494
1222,493
1222,445
1223,1083
1223,571
1223,570
1223,569
1223,498
1223,497
1223,496
1223,446
1223,445
1224,1083
1224,1082
1224,569
1224,568
1224,567
1224,566
1224,502
1224,501
1224,500
1224,499
1224,498
1224,446
1225,1082
1225,565
1225,504
1225,503
1225,447
1225,446
1226,1082
1226,1081
1226,564
1226,563
1226,562
1226,561
1226,560
1226,559
1226,558
1226,557
1226,556
1226,555
1226,554
1226,553
1226,510
1226,509
1226,508
1226,507
1226,506
1226,505
1226,447
1227,1081
1227,552
1227,551
1227,512
1227,511
1227,448
1227,447
1228,1081
1228,1080
1228,550
1228,549
1228,548
1228,547
1228,546
1228,545
1228,544
1228,543
1228,542
1228,541
1228,540
1228,539
1228,538
1228,537
1228,536
1228,535
1228,534
1228,533
1228,532
1228,531
1228,530
1228,529
1228,528
1228,527
1228,526
1228,525
1228,524
1228,523
1228,522
1228,521
1228,520
1228,519
1228,518
1228,517
1228,516
1228,515
1228,514
1228,513
1228,448
1229,1080
1229,1079
1229,449
1229,448
1230,1079
1230,449
1231,1079
1231,450
1231,449
1232,1079
1232,1078
1232,450
1233,1078
1233,451
1233,450
1234,1078
1234,1077
1234,451
1235,1077
1235,1076
1235,452
1235,451
1236,1076
1236,452
1237,1076
1237,1075
1237,453
1237,452
1238,1075
1238,454
1238,453
1239,1075
1239,1074
1239,454
1240,1074
1240,455
1240,454
1241,1074
1241,1073
1241,455
1242,1073
1242,456
1242,455
1243,1073
1243,1072
1243,456
1244,1072
1244,1071
1244,457
1244,456
1245,1071
1245,457
1246,1071
1246,458
1246,457
1247,1070
1247,458
1248,1070
1248,1069
1248,459
1248,458
1249,1069
1249,460
1249,459
1250,1069
1250,1068
1250,460
1251,1068
1251,460
1252,1068
1252,1067
1252,461
1253,1067
1253,462
1253,461
1254,1067
1254,1066
1254,462
1255,1066
1255,1065
1255,463
1255,462
1256,1065
1256,463
1257,1065
1257,1064
1257,464
1257,463
1258,1064
1258,464
1259,1064
1259,1063
1259,465
1260,1063
1260,1062
1260,465
1261,1062
1261,466
1261,465
1262,1062
1262,1061
1262,467
1262,466
1263,1061
1263,467
1264,1061
1264,1060
1264,468
1264,467
1265,1060
1265,469
1265,468
1266,1060
1266,1059
1266,469
1267,1059
1267,1058
1267,470
1267,469
1268,1058
1268,470
1269,1058
1269,1057
1269,471
1269,470
1270,1057
1270,1056
1270,471
1271,1056
1271,472
1271,471
1272,1056
1272,473
1272,472
1273,1056
1273,1055
1273,473
1274,1055
1274,1054
1274,474
1274,473
1275,1054
1275,474
1276,1054
1276,1053
1276,475
1276,474
1277,1053
1277,1052
1277,475
1278,1052
1278,476
1278,475
1279,1052
1279,1051
1279,477
1279,476
1280,1051
1280,1050
1280,477
1281,1050
1281,478
1281,477
1282,1050
1282,478
1283,1050
1283,1049
1283,479
1283,478
1284,1049
1284,1048
1284,479
1285,1048
1285,1047
1285,480
1285,479
1286,1047
1286,1046
1286,481
1286,480
1287,1046
1287,481
1288,1046
1288,1045
1288,482
1288,481
1289,1045
1289,483
1289,482
1290,1045
1290,1044
1290,483
1291,1044
1291,484
1291,483
1292,1044
1292,1043
1292,485
1292,484
1293,1043
1293,1042
1293,485
1294,1042
1294,486
1294,485
1295,1042
1295,1041
1295,487
1295,486
1296,1041
1296,1040
1296,487
1297,1040
1297,488
1297,487
1298,1040
1298,1039
1298,489
1298,488
1299,1039
1299,1038
1299,489
1300,1038
1300,490
1301,1038
1301,1037
1301,491
1301,490
1302,1037
1302,1036
1302,492
1302,491
1303,1036
1303,492
1304,1036
1304,1035
1304,493
1304,492
1305,1035
1305,1034
1305,494
1305,493
1306,1034
1306,1033
1306,494
1307,1033
1307,1032
1307,495
1307,494
1308,1032
1308,496
1308,495
1309,1032
1309,1031
1309,497
1309,496
1310,1031
1310,497
1311,1030
1311,498
1311,497
1312,1030
1312,1029
1312,499
1312,498
1313,1029
1313,1028
1313,499
1314,1028
1314,500
1314,499
1315,1028
1315,1027
1315,501
1315,500
1316,1027
1316,1026
1316,502
1316,501
1317,1026
1317,1025
1317,502
1318,1025
1318,503
1318,502
1319,1025
1319,1024
1319,504
1319,503
1320,1024
1320,1023
1320,505
1320,504
1321,1023
1321,1022
1321,506
1321,505
1322,1022
1322,506
1323,1022
1323,1021
1323,507
1323,506
1324,1021
1324,1020
1324,508
1324,507
1325,1020
1325,1019
1325,508
1326,1019
1326,509
1326,508
1327,1019
1327,1018
1327,510
1327,509
1328,1018
1328,1017
1328,511
1328,510
1329,1017
1329,1016
1329,512
1329,511
1330,1016
1330,512
1331,1016
1331,1015
1331,513
1331,512
1332,1015
1332,514
1332,513
1333,1014
1333,515
1333,514
1334,1014
1334,1013
1334,516
1334,515
1335,1013
1335,1012
1335,516
1336,1012
1336,1011
1336,517
1336,516
1337,1011
1337,1010
1337,518
1337,517
1338,1010
1338,1009
1338,519
1338,518
1339,1009
1339,520
1339,519
1340,1009
1340,1008
1340,521
1340,520
1341,1008
1341,1007
1341,521
1342,1007
1342,1006
1342,522
1342,521
1343,1006
1343,1005
1343,523
1343,522
1344,1005
1344,1004
1344,524
1344,523
1345,1004
1345,525
1345,524
1346,1004
1346,1003
1346,525
1347,1003
1347,1002
1347,526
1347,525
1348,1002
1348,1001
1348,527
1348,526
1349,1001
1349,1000
1349,528
1349,527
1350,1000
1350,999
1350,529
1350,528
1351,999
1351,998
1351,530
1351,529
1352,998
1352,997
1352,530
1353,997
1353,531
1353,530
1354,997
1354,996
1354,532
1354,531
1355,996
1355,995
1355,533
1355,532
1356,995
1356,994
1356,534
1356,533
1357,994
1357,993
1357,535
1357,534
1358,993
1358,992
1358,536
1358,535
1359,992
1359,537
1359,536
1360,992
1360,991
1360,538
1360,537
1361,991
1361,990
1361,539
1361,538
1362,990
1362,989
1362,540
1362,539
1363,989
1363,988
1363,540
1364,988
1364,987
1364,541
1364,540
1365,987
1365,986
1365,542
1365,541
1366,986
1366,985
1366,543
1366,542
1367,985
1367,984
1367,544
1367,543
1368,984
1368,983
1368,545
1368,544
1369,983
1369,982
1369,546
1369,545
1370,982
1370,981
1370,547
1370,546
1371,981
1371,980
1371,548
1371,547
1372,980
1372,979
1372,549
1372,548
1373,979
1373,978
1373,550
1373,549
1374,978
1374,977
1374,551
1374,550
1375,977
1375,976
1375,552
1375,551
1376,976
1376,975
1376,553
1376,552
1377,975
1377,974
1377,554
1377,553
1378,974
1378,973
1378,555
1378,554
1379,973
1379,972
1379,556
1379,555
1380,972
1380,971
1380,557
1380,556
1381,971
1381,970
1381,558
1381,557
1382,970
1382,969
1382,559
1382,558
1383,969
1383,968
1383,560
1383,559
1384,968
1384,967
1384,560
1385,967
1385,966
1385,562
1385,561
1385,560
1386,966
1386,965
1386,563
1386,562
1387,965
1387,964
1387,564
1387,563
1388,964
1388,963
1388,565
1388,564
1389,963
1389,962
1389,566
1389,565
1390,962
1390,961
1390,567
1390,566
1391,961
1391,960
1391,568
1391,567
1392,960
1392,959
1392,569
1392,568
1393,959
1393,958
1393,957
1393,570
1393,569
1394,957
1394,956
1394,572
1394,571
1394,570
1395,956
1395,955
1395,573
1395,572
1396,955
1396,954
1396,574
1396,573
1397,954
1397,953
1397,575
1397,574
1398,953
1398,952
1398,576
1398,575
1399,952
1399,951
1399,577
1399,576
1400,951
1400,950
1400,578
1400,577
1401,950
1401,949
1401,948
1401,580
1401,579
1401,578
1402,948
1402,947
1402,580
1403,947
1403,946
1403,582
1403,581
1403,580
1404,946
1404,945
1404,583
1404,582
1405,945
1405,944
1405,584
1405,583
1406,944
1406,943
1406,586
1406,585
1406,584
1407,943
1407,942
1407,587
1407,586
1408,942
1408,941
1408,940
1408,588
1408,587
1409,940
1409,939
1409,589
1409,588
1410,939
1410,938
1410,591
1410,590
1410,589
1411,938
1411,937
1411,592
1411,591
1412,937
1412,936
1412,594
1412,593
1412,592
1413,936
1413,935
1413,594
1414,935
1414,934
1414,933
1414,596
1414,595
1414,594
1415,933
1415,932
1415,597
1415,596
1416,932
1416,931
1416,599
1416,598
1416,597
1417,931
1417,930
1417,929
1417,600
1417,599
1418,929
1418,928
1418,601
1418,600
1419,928
1419,927
1419,602
1419,601
1420,927
1420,926
1420,925
1420,604
1420,603
1420,602
1421,925
1421,924
1421,605
1421,604
1422,924
1422,923
1422,922
1422,606
1422,605
1423,922
1423,921
1423,607
1423,606
1424,921
1424,920
1424,919
1424,609
1424,608
1424,607
1425,919
1425,918
1425,609
1426,918
1426,917
1426,916
1426,611
1426,610
1426,609
1427,916
1427,915
1427,612
1427,611
1428,915
1428,914
1428,913
1428,614
1428,613
1428,612
1429,913
1429,912
1429,615
1429,614
1430,912
1430,911
1430,910
1430,617
1430,616
1430,615
1431,910
1431,909
1431,908
1431,619
1431,618
1431,617
1432,908
1432,907
1432,906
1432,621
1432,620
1432,619
1433,906
1433,905
1433,622
1433,621
1434,905
1434,904
1434,903
1434,902
1434,624
1434,623
1434,622
1435,902
1435,901
1435,626
1435,625
1436,901
1436,900
1436,899
1436,628
1436,627
1436,626
1437,899
1437,898
1437,897
1437,630
1437,629
1437,628
1438,897
1438,896
1438,632
1438,631
1438,630
1439,896
1439,895
1439,894
1439,634
1439,633
1439,632
1440,894
1440,893
1440,892
1440,635
1440,634
1441,892
1441,891
1441,890
1441,638
1441,637
1441,636
1441,635
1442,890
1442,889
1442,888
1442,640
1442,639
1442,638
1443,888
1443,887
1443,886
1443,641
1443,640
1444,886
1444,885
1444,643
1444,642
1444,641
1445,884
1445,883
1445,882
1445,646
1445,645
1445,644
1446,882
1446,881
1446,647
1446,646
1447,881
1447,880
1447,879
1447,878
1447,650
1447,649
1447,648
1448,878
1448,877
1448,651
1448,650
1449,877
1449,876
1449,875
1449,874
1449,654
1449,653
1449,652
1450,874
1450,873
1450,656
1450,655
1451,873
1451,872
1451,871
1451,870
1451,658
1451,657
1451,656
1452,870
1452,869
1452,660
1452,659
1452,658
1453,869
1453,868
1453,867
1453,866
1453,663
1453,662
1453,661
1453,660
1454,866
1454,865
1454,664
1454,663
1455,865
1455,864
1455,863
1455,862
1455,667
1455,666
1455,665
1456,862
1456,861
1456,860
1456,669
1456,668
1457,860
1457,859
1457,858
1457,857
1457,672
1457,671
1457,670
1458,857
1458,856
1458,674
1458,673
1458,672
1459,856
1459,855
1459,854
1459,853
1459,852
1459,677
1459,676
1459,675
1459,674
1460,852
1460,851
1460,679
1460,678
1460,677
1461,850
1461,849
1461,848
1461,682
1461,681
1461,680
1461,679
1462,847
1462,846
1462,845
1462,684
1462,683
1462,682
1463,845
1463,844
1463,843
1463,842
1463,686
1463,685
1463,684
1464,841
1464,840
1464,688
1464,687
1465,840
1465,839
1465,838
1465,837
1465,836
1465,835
1465,693
1465,692
1465,691
1465,690
1465,689
1466,834
1466,833
1466,696
1466,695
1466,694
1467,832
1467,831
1467,830
1467,829
1467,828
1467,699
1467,698
1467,697
1467,696
1468,827
1468,826
1468,825
1468,702
1468,701
1468,700
1469,824
1469,823
1469,822
1469,821
1469,820
1469,819
1469,707
1469,706
1469,705
1469,704
1469,703
1470,818
1470,817
1470,816
1470,815
1470,814
1470,813
1470,812
1470,811
1470,713
1470,712
1470,711
1470,710
1470,709
1470,708
1471,810
1471,809
1471,808
1471,807
1471,806
1471,805
1471,804
1471,718
1471,717
1471,716
1471,715
1471,714
1472,803
1472,802
1472,801
1472,800
1472,799
1472,798
1472,797
1472,796
1472,795
1472,794
1472,793
1472,792
1472,791
1472,790
1472,789
1472,788
1472,787
1472,786
1472,785
1472,784
1472,783
1472,782
1472,781
1472,780
1472,779
1472,778
1472,777
1472,776
1472,775
1472,774
1472,773
1472,772
1472,771
1472,770
1472,769
1472,768
1472,767
1472,766
1472,765
1472,764
1472,763
1472,762
1472,761
1472,760
1472,759
1472,758
1472,757
1472,756
1472,755
1472,754
1472,753
1472,752
1472,751
1472,750
1472,749
1472,748
1472,747
1472,746
1472,745
1472,744
1472,743
1472,742
1472,741
1472,740
1472,739
1472,738
1472,737
1472,736
1472,735
1472,734
1472,733
1472,732
1472,731
1472,730
1472,729
1472,728
1472,727
1472,726
1472,725
1472,724
1472,723
1472,722
1472,721
1472,720
1472,719
