638.000000,20.000000
638.027587,20.000003
638.055175,20.000007
638.082762,20.000010
638.110349,20.000013
638.137936,20.000017
638.165523,20.000020
638.193109,20.000023
638.220695,20.000026
638.248281,20.000029
638.275867,20.000032
638.303452,20.000034
638.331037,20.000037
638.358621,20.000039
638.386204,20.000041
638.413787,20.000042
638.441370,20.000044
638.468951,20.000045
638.496532,20.000046
638.524113,20.000047
638.551692,20.000048
638.579271,20.000048
638.606849,20.000047
638.634426,20.000047
638.662001,20.000046
638.689576,20.000045
638.717150,20.000043
638.744723,20.000041
638.772295,20.000039
638.799865,20.000036
638.827435,20.000032
638.855003,20.000028
638.882569,20.000024
638.910135,20.000019
638.937699,20.000014
638.965262,20.000008
638.992823,20.000002
639.020383,19.999995
639.047941,19.999987
639.075498,19.999979
639.103053,19.999971
639.130607,19.999963
639.158159,19.999954
639.185710,19.999945
639.213259,19.999936
639.240807,19.999927
639.268354,19.999919
639.295899,19.999910
639.323443,19.999902
639.350986,19.999894
639.378527,19.999886
639.406067,19.999879
639.433605,19.999873
639.461142,19.999867
639.488678,19.999862
639.516213,19.999858
639.543746,19.999855
639.571278,19.999852
639.598808,19.999851
639.626338,19.999851
639.653866,19.999852
639.681393,19.999854
639.708919,19.999858
639.736443,19.999863
639.763966,19.999870
639.791488,19.999878
639.819009,19.999888
639.846529,19.999899
639.874048,19.999913
639.901565,19.999928
639.929081,19.999946
639.956596,19.999965
639.984110,19.999987
640.011623,20.000010
640.039135,20.000036
640.066646,20.000064
640.094156,20.000093
640.121664,20.000124
640.149172,20.000155
640.176678,20.000187
640.204183,20.000220
640.231687,20.000252
640.259190,20.000285
640.286692,20.000316
640.314193,20.000347
640.341692,20.000377
640.369191,20.000406
640.396688,20.000433
640.424184,20.000457
640.451679,20.000480
640.479173,20.000500
640.506666,20.000517
640.534158,20.000531
640.561648,20.000541
640.589138,20.000548
640.616626,20.000551
640.644113,20.000549
640.671599,20.000542
640.699083,20.000531
640.726567,20.000514
640.754049,20.000492
640.781530,20.000464
640.809010,20.000430
640.836489,20.000390
640.863967,20.000343
640.891443,20.000288
640.918919,20.000227
640.946393,20.000158
640.973866,20.000081
641.001337,19.999996
641.028808,19.999902
641.056277,19.999802
641.083745,19.999695
641.111212,19.999583
641.138678,19.999467
641.166142,19.999348
641.193606,19.999227
641.221068,19.999105
641.248529,19.998984
641.275988,19.998865
641.303447,19.998748
641.330904,19.998634
641.358361,19.998526
641.385816,19.998423
641.413269,19.998327
641.440722,19.998239
641.468173,19.998161
641.495624,19.998093
641.523073,19.998036
641.550521,19.997992
641.577968,19.997961
641.605413,19.997945
641.632857,19.997944
641.660301,19.997961
641.687743,19.997995
641.715183,19.998049
641.742623,19.998123
641.770062,19.998218
641.797499,19.998335
641.824935,19.998476
641.852370,19.998641
641.879804,19.998832
641.907237,19.999050
641.934668,19.999296
641.962098,19.999571
641.989528,19.999875
642.016956,20.000211
642.044382,20.000576
642.071808,20.000966
642.099232,20.001376
642.126656,20.001803
642.154078,20.002243
642.181499,20.002692
642.208919,20.003145
642.236337,20.003598
642.263755,20.004048
642.291171,20.004490
642.318586,20.004920
642.346000,20.005334
642.373413,20.005728
642.400825,20.006098
642.428236,20.006440
642.455645,20.006749
642.483053,20.007022
642.510460,20.007254
642.537866,20.007442
642.565271,20.007581
642.592674,20.007667
642.620077,20.007696
642.647478,20.007664
642.674878,20.007567
642.702277,20.007401
642.729674,20.007162
642.757071,20.006845
642.784466,20.006447
642.811861,20.005963
642.839254,20.005389
642.866646,20.004722
642.894036,20.003957
642.921426,20.003090
642.948814,20.002117
642.976202,20.001034
643.003588,19.999836
643.030973,19.998525
643.058357,19.997114
643.085739,19.995617
643.113121,19.994050
643.140501,19.992428
643.167880,19.990767
643.195258,19.989081
643.222635,19.987386
643.250010,19.985698
643.277385,19.984030
643.304758,19.982400
643.332130,19.980821
643.359501,19.979310
643.386871,19.977880
643.414240,19.976549
643.441607,19.975330
643.468974,19.974239
643.496339,19.973292
643.523703,19.972503
643.551065,19.971888
643.578427,19.971462
643.605788,19.971241
643.633147,19.971238
643.660505,19.971471
643.687862,19.971954
643.715218,19.972702
643.742572,19.973730
643.769926,19.975055
643.797278,19.976690
643.824629,19.978651
643.851979,19.980954
643.879328,19.983614
643.906675,19.986645
643.934022,19.990064
643.961367,19.993886
643.988711,19.998125
644.016054,20.002794
644.043396,20.007868
644.070736,20.013292
644.098076,20.019008
644.125414,20.024960
644.152751,20.031090
644.180087,20.037343
644.207421,20.043661
644.234755,20.049988
644.262087,20.056267
644.289419,20.062440
644.316749,20.068452
644.344078,20.074246
644.371406,20.079765
644.398732,20.084952
644.426058,20.089750
644.453382,20.094103
644.480705,20.097953
644.508027,20.101245
644.535348,20.103921
644.562668,20.105925
644.589987,20.107200
644.617305,20.107688
644.644621,20.107334
644.671936,20.106081
644.699251,20.103872
644.726564,20.100649
644.753876,20.096358
644.781186,20.090939
644.808496,20.084338
644.835805,20.076496
644.863112,20.067358
644.890419,20.056867
644.917724,20.044965
644.945028,20.031597
644.972332,20.016705
644.999634,20.000232
645.026935,19.982146
645.054234,19.962510
645.081533,19.941414
645.108831,19.918947
645.136127,19.895199
645.163423,19.870260
645.190717,19.844218
645.218010,19.817164
645.245303,19.789187
645.272594,19.760376
645.299884,19.730821
645.327172,19.700611
645.354460,19.669836
645.381747,19.638585
645.409032,19.606949
645.436316,19.575015
645.463600,19.542875
645.490882,19.510617
645.518163,19.478330
645.545442,19.446106
645.572721,19.414031
645.599999,19.382198
645.627275,19.350694
645.654550,19.319609
645.681824,19.289033
645.709097,19.259056
645.736369,19.229766
645.763640,19.201254
645.790909,19.173609
645.818178,19.146920
645.845445,19.121276
645.872711,19.096769
645.899976,19.073485
645.927240,19.051517
645.954502,19.030952
645.981764,19.011880
646.009024,18.994390
646.036283,18.978517
646.063541,18.964209
646.090798,18.951411
646.118054,18.940062
646.145308,18.930107
646.172562,18.921488
646.199814,18.914147
646.227065,18.908026
646.254314,18.903069
646.281563,18.899216
646.308811,18.896411
646.336057,18.894597
646.363302,18.893714
646.390546,18.893707
646.417789,18.894517
646.445031,18.896087
646.472272,18.898359
646.499511,18.901275
646.526749,18.904779
646.553986,18.908812
646.581222,18.913316
646.608457,18.918235
646.635691,18.923510
646.662923,18.929085
646.690155,18.934900
646.717385,18.940900
646.744614,18.947026
646.771842,18.953220
646.799069,18.959426
646.826295,18.965585
646.853519,18.971639
646.880743,18.977532
646.907965,18.983206
646.935186,18.988603
646.962406,18.993665
646.989625,18.998335
647.016842,19.002559
647.044059,19.006323
647.071274,19.009648
647.098489,19.012551
647.125702,19.015054
647.152914,19.017175
647.180125,19.018934
647.207334,19.020350
647.234543,19.021444
647.261750,19.022233
647.288957,19.022738
647.316162,19.022979
647.343366,19.022975
647.370569,19.022744
647.397771,19.022308
647.424971,19.021685
647.452171,19.020894
647.479369,19.019956
647.506566,19.018890
647.533762,19.017715
647.560957,19.016450
647.588151,19.015116
647.615344,19.013732
647.642535,19.012316
647.669725,19.010890
647.696915,19.009472
647.724103,19.008081
647.751290,19.006738
647.778475,19.005461
647.805660,19.004270
647.832844,19.003185
647.860026,19.002225
647.887207,19.001410
647.914387,19.000759
647.941566,19.000292
647.968744,19.000028
647.995920,18.999986
648.023096,19.000182
648.050270,19.000606
648.077444,19.001237
648.104616,19.002055
648.131787,19.003039
648.158956,19.004169
648.186125,19.005424
648.213292,19.006784
648.240459,19.008229
648.267624,19.009737
648.294788,19.011289
648.321951,19.012864
648.349113,19.014442
648.376274,19.016001
648.403433,19.017523
648.430592,19.018985
648.457749,19.020369
648.484905,19.021652
648.512060,19.022816
648.539214,19.023839
648.566367,19.024700
648.593518,19.025380
648.620669,19.025859
648.647818,19.026114
648.674967,19.026127
648.702114,19.025876
648.729260,19.025342
648.756405,19.024503
648.783548,19.023340
648.810691,19.021831
648.837833,19.019957
648.864973,19.017696
648.892112,19.015029
648.919251,19.011935
648.946388,19.008393
648.973524,19.004383
649.000658,18.999885
649.027792,18.994893
649.054925,18.989456
649.082056,18.983637
649.109187,18.977497
649.136316,18.971100
649.163444,18.964507
649.190571,18.957780
649.217697,18.950983
649.244822,18.944176
649.271945,18.937423
649.299068,18.930786
649.326189,18.924326
649.353309,18.918106
649.380428,18.912189
649.407546,18.906636
649.434663,18.901510
649.461778,18.896873
649.488893,18.892787
649.516006,18.889315
649.543118,18.886519
649.570229,18.884461
649.597339,18.883203
649.624448,18.882807
649.651555,18.883336
649.678661,18.884853
649.705767,18.887418
649.732871,18.891095
649.759973,18.895946
649.787075,18.902033
649.814176,18.909418
649.841275,18.918164
649.868373,18.928332
649.895470,18.939986
649.922566,18.953186
649.949660,18.967996
649.976754,18.984478
650.003846,19.002694
650.030937,19.022663
650.058027,19.044296
650.085115,19.067482
650.112203,19.092113
650.139289,19.118081
650.166374,19.145275
650.193458,19.173586
650.220541,19.202907
650.247622,19.233128
650.274703,19.264139
650.301782,19.295832
650.328860,19.328098
650.355937,19.360828
650.383013,19.393913
650.410087,19.427243
650.437161,19.460711
650.464233,19.494206
650.491304,19.527620
650.518374,19.560843
650.545443,19.593767
650.572511,19.626284
650.599578,19.658282
650.626643,19.689655
650.653707,19.720292
650.680771,19.750085
650.707833,19.778925
650.734894,19.806702
650.761954,19.833308
650.789013,19.858634
650.816070,19.882570
650.843127,19.905009
650.870183,19.925839
650.897237,19.944954
650.924290,19.962243
650.951343,19.977597
650.978394,19.990909
651.005444,20.002068
651.032493,20.011036
651.059541,20.017927
651.086587,20.022877
651.113633,20.026022
651.140678,20.027497
651.167721,20.027437
651.194764,20.025979
651.221805,20.023257
651.248845,20.019408
651.275884,20.014567
651.302922,20.008869
651.329959,20.002451
651.356995,19.995447
651.384029,19.987993
651.411063,19.980225
651.438095,19.972278
651.465126,19.964289
651.492156,19.956391
651.519185,19.948722
651.546213,19.941417
651.573239,19.934610
651.600265,19.928439
651.627289,19.923038
651.654312,19.918542
651.681334,19.915088
651.708355,19.912811
651.735375,19.911847
651.762393,19.912331
651.789410,19.914399
651.816426,19.918186
651.843441,19.923827
651.870455,19.931460
651.897468,19.941218
651.924479,19.953238
651.951489,19.967655
651.978498,19.984604
652.005506,20.004222
652.032512,20.026582
652.059517,20.051624
652.086521,20.079270
652.113524,20.109441
652.140526,20.142060
652.167526,20.177049
652.194526,20.214328
652.221524,20.253820
652.248520,20.295447
652.275516,20.339130
652.302510,20.384792
652.329504,20.432354
652.356496,20.481737
652.383486,20.532864
652.410476,20.585657
652.437464,20.640036
652.464451,20.695925
652.491437,20.753245
652.518422,20.811917
652.545406,20.871864
652.572388,20.933007
652.599369,20.995268
652.626349,21.058569
652.653327,21.122831
652.680305,21.187977
652.707281,21.253929
652.734256,21.320607
652.761230,21.387934
652.788203,21.455831
652.815174,21.524221
652.842144,21.593026
652.869113,21.662166
652.896081,21.731564
652.923047,21.801142
652.950013,21.870821
652.976977,21.940523
653.003940,22.010171
653.030901,22.079690
653.057862,22.149020
653.084821,22.218102
653.111779,22.286878
653.138736,22.355289
653.165692,22.423276
653.192646,22.490782
653.219600,22.557746
653.246552,22.624110
653.273503,22.689816
653.300453,22.754805
653.327401,22.819019
653.354349,22.882398
653.381295,22.944884
653.408240,23.006419
653.435184,23.066943
653.462127,23.126399
653.489069,23.184726
653.516009,23.241868
653.542948,23.297764
653.569887,23.352357
653.596824,23.405588
653.623760,23.457398
653.650694,23.507728
653.677628,23.556520
653.704561,23.603714
653.731492,23.649254
653.758423,23.693079
653.785352,23.735131
653.812280,23.775351
653.839207,23.813682
653.866133,23.850063
653.893058,23.884437
653.919981,23.916745
653.946904,23.946927
653.973826,23.974926
654.000746,24.000683
654.027666,24.024164
654.054584,24.045426
654.081501,24.064548
654.108417,24.081608
654.135332,24.096684
654.162246,24.109855
654.189159,24.121200
654.216071,24.130796
654.242982,24.138723
654.269891,24.145057
654.296800,24.149879
654.323707,24.153266
654.350614,24.155297
654.377519,24.156050
654.404423,24.155603
654.431327,24.154036
654.458229,24.151425
654.485130,24.147850
654.512029,24.143390
654.538928,24.138121
654.565826,24.132124
654.592722,24.125476
654.619618,24.118256
654.646512,24.110542
654.673405,24.102412
654.700298,24.093945
654.727189,24.085220
654.754079,24.076314
654.780968,24.067306
654.807855,24.058275
654.834742,24.049298
654.861628,24.040455
654.888512,24.031824
654.915395,24.023482
654.942278,24.015509
654.969159,24.007983
654.996039,24.000983
655.022918,23.994575
655.049796,23.988765
655.076672,23.983532
655.103548,23.978854
655.130422,23.974711
655.157296,23.971081
655.184168,23.967945
655.211039,23.965280
655.237909,23.963066
655.264778,23.961283
655.291646,23.959908
655.318513,23.958922
655.345379,23.958304
655.372243,23.958032
655.399107,23.958085
655.425969,23.958443
655.452830,23.959085
655.479690,23.959990
655.506550,23.961137
655.533407,23.962504
655.560264,23.964072
655.587120,23.965819
655.613975,23.967724
655.640828,23.969767
655.667681,23.971926
655.694532,23.974181
655.721382,23.976510
655.748232,23.978893
655.775080,23.981309
655.801927,23.983737
655.828772,23.986156
655.855617,23.988545
655.882461,23.990883
655.909303,23.993149
655.936145,23.995323
655.962985,23.997384
655.989825,23.999309
656.016663,24.001081
656.043500,24.002693
656.070336,24.004150
656.097171,24.005458
656.124005,24.006623
656.150837,24.007649
656.177669,24.008542
656.204500,24.009308
656.231329,24.009952
656.258157,24.010479
656.284985,24.010895
656.311811,24.011205
656.338636,24.011414
656.365460,24.011529
656.392283,24.011553
656.419105,24.011494
656.445925,24.011356
656.472745,24.011144
656.499564,24.010865
656.526381,24.010522
656.553197,24.010123
656.580013,24.009672
656.606827,24.009174
656.633640,24.008636
656.660452,24.008062
656.687263,24.007457
656.714072,24.006828
656.740881,24.006180
656.767689,24.005518
656.794495,24.004847
656.821301,24.004173
656.848105,24.003502
656.874908,24.002838
656.901710,24.002187
656.928511,24.001555
656.955311,24.000947
656.982110,24.000368
657.008908,23.999823
657.035705,23.999317
657.062500,23.998848
657.089295,23.998415
657.116088,23.998018
657.142881,23.997656
657.169672,23.997329
657.196462,23.997035
657.223251,23.996773
657.250039,23.996544
657.276826,23.996346
657.303612,23.996178
657.330396,23.996040
657.357180,23.995931
657.383963,23.995850
657.410744,23.995797
657.437524,23.995770
657.464304,23.995769
657.491082,23.995793
657.517859,23.995841
657.544635,23.995913
657.571410,23.996007
657.598184,23.996124
657.624956,23.996262
657.651728,23.996420
657.678498,23.996598
657.705268,23.996795
657.732036,23.997011
657.758804,23.997243
657.785570,23.997493
657.812335,23.997758
657.839099,23.998038
657.865862,23.998333
657.892624,23.998641
657.919384,23.998963
657.946144,23.999296
657.972903,23.999640
657.999660,23.999995
658.026417,24.000360
658.053172,24.000732
658.079926,24.001109
658.106679,24.001489
658.133431,24.001870
658.160182,24.002248
658.186932,24.002623
658.213681,24.002991
658.240429,24.003350
658.267175,24.003698
658.293921,24.004032
658.320665,24.004351
658.347409,24.004652
658.374151,24.004932
658.400892,24.005189
658.427632,24.005421
658.454372,24.005626
658.481109,24.005801
658.507846,24.005943
658.534582,24.006052
658.561317,24.006123
658.588051,24.006156
658.614783,24.006147
658.641515,24.006094
658.668245,24.005995
658.694974,24.005848
658.721703,24.005650
658.748430,24.005399
658.775156,24.005093
658.801881,24.004729
658.828605,24.004304
658.855328,24.003818
658.882049,24.003266
658.908770,24.002648
658.935490,24.001960
658.962208,24.001201
658.988926,24.000368
659.015642,23.999458
659.042357,23.998478
659.069072,23.997436
659.095785,23.996342
659.122497,23.995208
659.149208,23.994042
659.175918,23.992855
659.202627,23.991657
659.229334,23.990458
659.256041,23.989268
659.282747,23.988097
659.309451,23.986955
659.336155,23.985852
659.362857,23.984799
659.389558,23.983804
659.416258,23.982879
659.442958,23.982034
659.469656,23.981278
659.496352,23.980621
659.523048,23.980074
659.549743,23.979646
659.576437,23.979348
659.603129,23.979190
659.629821,23.979181
659.656511,23.979333
659.683201,23.979654
659.709889,23.980155
659.736576,23.980846
659.763262,23.981737
659.789947,23.982838
659.816631,23.984159
659.843314,23.985711
659.869996,23.987502
659.896676,23.989544
659.923356,23.991846
659.950034,23.994419
659.976712,23.997272
660.003388,24.000416
660.030063,24.003848
660.056737,24.007538
660.083410,24.011446
660.110082,24.015535
660.136753,24.019768
660.163423,24.024106
660.190092,24.028511
660.216759,24.032947
660.243426,24.037374
660.270091,24.041756
660.296756,24.046054
660.323419,24.050231
660.350081,24.054249
660.376743,24.058069
660.403403,24.061655
660.430062,24.064968
660.456720,24.067971
660.483377,24.070625
660.510033,24.072894
660.536688,24.074739
660.563341,24.076122
660.589994,24.077005
660.616646,24.077352
660.643296,24.077123
660.669946,24.076282
660.696595,24.074790
660.723242,24.072609
660.749889,24.069702
660.776534,24.066031
660.803179,24.061559
660.829822,24.056246
660.856464,24.050056
660.883106,24.042951
660.909746,24.034893
660.936385,24.025844
660.963024,24.015766
660.989661,24.004621
661.016297,23.992375
661.042932,23.979027
661.069566,23.964606
661.096200,23.949137
661.122832,23.932650
661.149463,23.915172
661.176093,23.896730
661.202722,23.877353
661.229350,23.857068
661.255977,23.835903
661.282603,23.813885
661.309228,23.791043
661.335852,23.767403
661.362475,23.742995
661.389097,23.717845
661.415718,23.691982
661.442338,23.665432
661.468957,23.638224
661.495575,23.610386
661.522191,23.581945
661.548807,23.552929
661.575422,23.523365
661.602036,23.493282
661.628648,23.462707
661.655260,23.431668
661.681871,23.400193
661.708480,23.368309
661.735089,23.336044
661.761696,23.303426
661.788303,23.270482
661.814908,23.237241
661.841513,23.203730
661.868116,23.169977
661.894718,23.136009
661.921320,23.101854
661.947920,23.067540
661.974519,23.033095
662.001117,22.998547
662.027714,22.963925
662.054311,22.929268
662.080906,22.894615
662.107500,22.860008
662.134093,22.825486
662.160685,22.791089
662.187276,22.756857
662.213866,22.722830
662.240455,22.689049
662.267042,22.655553
662.293629,22.622383
662.320215,22.589578
662.346800,22.557179
662.373384,22.525226
662.399966,22.493759
662.426548,22.462818
662.453129,22.432443
662.479708,22.402674
662.506287,22.373551
662.532864,22.345115
662.559441,22.317405
662.586016,22.290462
662.612591,22.264325
662.639164,22.239035
662.665737,22.214631
662.692308,22.191155
662.718879,22.168645
662.745448,22.147143
662.772016,22.126687
662.798584,22.107319
662.825150,22.089078
662.851715,22.072004
662.878280,22.056138
662.904843,22.041520
662.931405,22.028189
662.957967,22.016185
662.984527,22.005550
663.011086,21.996321
663.037644,21.988487
663.064201,21.981979
663.090758,21.976719
663.117313,21.972632
663.143867,21.969643
663.170420,21.967677
663.196972,21.966658
663.223523,21.966511
663.250073,21.967160
663.276621,21.968529
663.303169,21.970544
663.329716,21.973128
663.356261,21.976207
663.382805,21.979705
663.409349,21.983546
663.435891,21.987656
663.462432,21.991958
663.488972,21.996377
663.515510,22.000838
663.542048,22.005265
663.568584,22.009583
663.595120,22.013717
663.621654,22.017590
663.648186,22.021128
663.674718,22.024254
663.701249,22.026895
663.727778,22.028973
663.754306,22.030414
663.780833,22.031143
663.807359,22.031083
663.833883,22.030160
663.860406,22.028297
663.886928,22.025420
663.913449,22.021453
663.939968,22.016321
663.966486,22.009948
663.993003,22.002258
664.019519,21.993184
664.046033,21.982726
664.072546,21.970922
664.099058,21.957808
664.125569,21.943423
664.152079,21.927803
664.178587,21.910986
664.205095,21.893009
664.231602,21.873909
664.258107,21.853725
664.284612,21.832494
664.311115,21.810253
664.337618,21.787038
664.364120,21.762889
664.390621,21.737842
664.417121,21.711934
664.443621,21.685204
664.470120,21.657687
664.496618,21.629423
664.523116,21.600448
664.549613,21.570800
664.576109,21.540515
664.602605,21.509632
664.629100,21.478188
664.655595,21.446220
664.682089,21.413766
664.708583,21.380863
664.735077,21.347548
664.761570,21.313860
664.788063,21.279834
664.814556,21.245510
664.841048,21.210923
664.867541,21.176112
664.894033,21.141114
664.920525,21.105967
664.947016,21.070707
664.973508,21.035372
665.000000,21.000000
