1,374
1,346
1,345
1,328
1,327
1,326
1,325
1,83
1,82
2,373
2,346
2,325
2,84
2,82
3,373
3,346
3,325
3,84
4,372
4,371
4,325
4,83
5,373
5,372
5,351
5,350
5,349
5,325
5,83
6,374
6,373
6,349
6,348
6,347
6,346
6,345
6,325
7,374
7,345
7,344
7,343
7,342
7,326
7,325
8,375
8,374
8,353
8,342
8,341
8,340
8,339
8,327
8,326
9,374
9,354
9,339
9,338
9,328
9,327
10,374
10,355
10,354
10,338
10,337
10,336
10,329
10,328
11,374
11,356
11,355
11,345
11,336
11,335
11,334
11,333
11,332
11,331
11,330
11,329
12,374
12,356
12,346
13,374
13,357
13,346
13,345
13,344
14,374
14,373
14,372
14,371
14,370
14,369
14,368
14,367
14,358
14,346
14,345
15,366
15,365
15,364
15,363
15,362
15,361
15,359
15,347
16,359
16,347
17,377
17,359
17,347
18,378
18,359
18,347
19,379
19,378
19,358
19,347
20,380
20,379
20,358
20,347
21,382
21,381
21,380
21,358
21,348
22,382
22,381
22,358
22,349
22,348
23,383
23,382
23,358
23,349
24,383
24,382
24,358
24,349
25,384
25,383
25,358
25,350
25,349
26,384
26,358
26,351
26,350
27,385
27,384
27,358
27,352
27,351
28,385
28,358
28,357
28,353
28,352
29,386
29,385
29,357
30,386
30,357
30,356
31,386
31,356
31,355
31,354
31,353
32,386
32,353
32,352
33,386
33,352
34,386
35,387
36,387
37,387
38,388
38,386
38,385
39,388
39,385
39,384
39,383
39,362
39,344
39,343
40,389
40,383
40,382
40,381
40,364
40,363
40,362
40,361
40,360
40,343
41,381
41,380
41,379
41,365
41,364
41,362
41,343
41,342
41,341
42,379
42,378
42,366
42,365
42,341
42,340
43,378
43,366
43,342
43,340
43,339
44,378
44,377
44,367
44,366
44,361
44,344
44,343
44,339
44,338
45,368
45,367
45,361
45,360
45,345
45,344
45,338
45,337
46,370
46,369
46,368
46,360
46,346
46,345
46,337
46,336
47,371
47,370
47,360
47,346
47,336
48,372
48,371
48,361
48,346
48,336
48,335
49,372
49,361
49,346
49,335
50,373
50,372
50,362
50,361
50,346
50,335
50,334
51,374
51,373
51,362
51,346
51,334
52,375
52,363
52,362
52,346
52,334
52,333
53,380
53,379
53,378
53,377
53,376
53,364
53,363
53,346
53,333
53,332
54,383
54,382
54,381
54,365
54,364
54,345
54,332
54,331
55,385
55,384
55,383
55,366
55,365
55,345
55,331
55,330
56,386
56,385
56,373
56,372
56,366
56,345
56,330
56,329
57,387
57,386
57,372
57,371
57,370
57,366
57,345
57,329
57,328
57,327
58,387
58,366
58,345
58,327
58,326
59,387
59,366
59,346
59,326
59,325
60,388
60,366
60,346
60,325
61,388
61,365
61,346
61,325
61,324
62,388
62,365
62,346
62,324
62,323
63,388
63,364
63,346
63,323
63,322
64,388
64,364
64,346
64,333
64,322
64,321
65,388
65,364
65,346
65,334
65,333
65,321
65,320
65,319
65,318
66,388
66,364
66,346
66,334
66,318
66,317
66,316
66,315
67,388
67,364
67,345
67,344
67,334
67,333
67,314
68,388
68,364
68,344
68,333
68,332
68,313
68,312
68,311
68,310
68,309
68,308
68,307
69,388
69,364
69,344
69,343
69,332
69,331
69,307
69,306
70,388
70,364
70,343
70,331
70,330
70,306
70,305
71,388
71,365
71,343
71,342
71,330
71,329
71,305
71,304
71,303
72,387
72,366
72,342
72,329
72,328
72,327
72,303
72,302
72,301
73,387
73,366
73,342
73,327
73,326
73,301
73,300
73,59
73,58
73,54
74,387
74,367
74,326
74,325
74,300
74,299
74,297
74,59
74,58
74,57
74,54
74,53
75,388
75,367
75,325
75,324
75,299
75,297
75,60
75,59
75,53
75,52
75,17
76,388
76,368
76,367
76,324
76,323
76,296
76,61
76,60
76,52
76,18
77,388
77,368
77,323
77,322
77,321
77,296
77,61
77,52
77,51
77,18
78,388
78,369
78,368
78,321
78,320
78,319
78,296
78,61
78,51
78,50
78,18
79,388
79,369
79,319
79,318
79,317
79,316
79,315
79,314
79,296
79,61
79,50
79,49
79,19
79,18
80,388
80,370
80,315
80,314
80,296
80,61
80,49
80,20
80,19
81,388
81,370
81,314
81,296
81,62
81,49
81,48
81,21
81,20
82,388
82,370
82,314
82,295
82,62
82,61
82,48
82,47
82,30
82,29
82,21
83,388
83,370
83,314
83,295
83,61
83,60
83,47
83,29
83,21
84,387
84,371
84,315
84,295
84,60
84,59
84,47
84,46
84,29
84,28
84,27
84,22
85,386
85,371
85,315
85,294
85,59
85,58
85,57
85,46
85,27
85,26
85,25
85,24
85,23
86,386
86,385
86,371
86,315
86,294
86,57
86,56
86,46
86,45
86,23
86,22
86,21
86,20
87,385
87,384
87,371
87,319
87,317
87,316
87,294
87,56
87,45
87,20
87,19
87,18
88,384
88,383
88,371
88,318
88,317
88,293
88,56
88,55
88,45
88,44
88,18
88,17
88,16
89,383
89,382
89,370
89,293
89,55
89,44
89,16
89,15
89,14
90,382
90,381
90,380
90,370
90,294
90,293
90,54
90,44
90,43
90,14
90,13
91,380
91,370
91,294
91,293
91,54
91,43
91,42
91,13
91,12
92,380
92,379
92,369
92,368
92,293
92,54
92,42
92,41
92,12
92,11
93,379
93,378
93,368
93,367
93,293
93,54
93,41
93,40
93,39
93,11
93,10
94,378
94,377
94,367
94,366
94,292
94,54
94,39
94,38
94,10
94,9
95,386
95,377
95,376
95,366
95,292
95,54
95,38
95,37
95,8
96,387
96,386
96,376
96,366
96,365
96,292
96,280
96,54
96,37
96,36
96,8
97,387
97,376
97,375
97,365
97,364
97,328
97,327
97,326
97,325
97,292
97,280
97,54
97,36
97,35
97,7
98,387
98,375
98,374
98,364
98,363
98,331
98,330
98,329
98,328
98,325
98,324
98,323
98,322
98,317
98,316
98,315
98,314
98,291
98,280
98,55
98,35
98,34
98,33
98,31
98,7
99,388
99,374
99,373
99,363
99,362
99,332
99,321
99,320
99,319
99,318
99,314
99,291
99,280
99,55
99,33
99,32
99,30
99,29
99,7
100,388
100,373
100,362
100,361
100,321
100,314
100,313
100,293
100,291
100,280
100,55
100,31
100,7
101,388
101,373
101,361
101,313
101,296
101,295
101,294
101,293
101,291
101,280
101,55
101,30
101,29
101,7
102,388
102,372
102,361
102,360
102,313
102,312
102,311
102,297
102,296
102,290
102,280
102,54
102,29
102,28
102,27
102,26
102,7
103,388
103,372
103,360
103,359
103,311
103,310
103,298
103,297
103,290
103,280
103,26
103,25
103,7
104,388
104,372
104,359
104,358
104,310
104,309
104,308
104,298
104,289
104,280
104,279
104,25
104,24
104,7
105,389
105,371
105,358
105,357
105,308
105,307
105,299
105,298
105,289
105,279
105,278
105,24
105,23
105,7
106,389
106,357
106,307
106,306
106,300
106,299
106,289
106,278
106,277
106,23
106,22
106,7
107,389
107,367
107,357
107,356
107,306
107,305
107,300
107,289
107,277
107,276
107,22
107,21
107,7
108,389
108,366
108,356
108,305
108,289
108,276
108,275
108,21
108,20
108,7
109,389
109,365
109,356
109,305
109,304
109,289
109,288
109,275
109,274
109,20
109,19
109,7
110,389
110,365
110,355
110,315
110,314
110,304
110,303
110,288
110,287
110,274
110,273
110,19
110,18
110,7
111,389
111,365
111,364
111,355
111,314
111,303
111,287
111,286
111,285
111,273
111,272
111,18
111,17
111,7
112,389
112,364
112,354
112,314
112,313
112,312
112,303
112,294
112,285
112,284
112,272
112,271
112,17
112,16
112,7
113,389
113,364
113,363
113,354
113,312
113,311
113,302
113,295
113,284
113,283
113,271
113,270
113,16
113,15
113,7
114,389
114,363
114,362
114,354
114,311
114,310
114,300
114,299
114,298
114,297
114,296
114,283
114,282
114,281
114,270
114,269
114,15
114,14
114,7
115,389
115,362
115,353
115,310
115,309
115,301
115,300
115,281
115,280
115,269
115,268
115,14
115,7
116,389
116,362
116,353
116,308
116,302
116,301
116,280
116,267
116,14
116,13
116,7
117,389
117,362
117,361
117,352
117,303
117,302
117,280
117,279
117,267
117,13
117,7
118,389
118,361
118,352
118,304
118,303
118,279
118,278
118,267
118,7
119,361
119,360
119,351
119,304
119,278
119,277
119,266
119,8
120,360
120,359
120,351
120,304
120,277
120,266
120,9
120,8
121,359
121,350
121,304
121,277
121,266
121,9
122,359
122,350
122,349
122,304
122,277
122,266
122,9
123,359
123,358
123,349
123,348
123,304
123,276
123,266
123,9
124,358
124,348
124,304
124,276
124,266
124,9
124,3
125,358
125,357
125,348
125,347
125,304
125,276
125,266
125,10
125,9
125,3
126,357
126,347
126,304
126,276
126,266
126,11
126,10
126,8
126,6
126,5
126,3
127,357
127,356
127,347
127,346
127,303
127,276
127,266
127,11
127,5
127,4
128,355
128,346
128,303
128,276
128,266
128,12
128,11
128,4
129,354
129,346
129,345
129,303
129,276
129,267
129,12
129,4
130,354
130,345
130,302
130,276
130,267
130,12
130,4
131,353
131,345
131,344
131,302
131,276
131,268
131,267
131,13
131,4
132,353
132,344
132,302
132,276
132,268
132,13
132,4
133,353
133,343
133,302
133,276
133,275
133,268
133,13
133,4
134,352
134,343
134,302
134,276
134,275
134,274
134,273
134,268
134,14
134,5
135,352
135,343
135,302
135,273
135,272
135,271
135,270
135,269
135,14
135,5
136,351
136,343
136,342
136,302
136,270
136,269
136,268
136,15
136,6
136,5
137,351
137,342
137,302
137,268
137,267
137,15
137,7
137,6
138,350
138,342
138,341
138,302
138,267
138,16
138,15
138,7
139,350
139,341
139,302
139,16
139,7
140,350
140,341
140,302
140,300
140,17
140,16
140,7
141,349
141,341
141,301
141,300
141,18
141,17
141,8
142,349
142,340
142,300
142,177
142,19
142,18
142,9
143,349
143,340
143,300
143,299
143,177
143,19
143,9
144,348
144,340
144,299
144,177
144,20
144,19
144,10
145,348
145,339
145,299
145,298
145,177
145,21
145,20
145,11
146,348
146,339
146,298
146,297
146,177
146,21
146,12
147,348
147,339
147,297
147,296
147,177
147,22
147,21
147,12
148,348
148,339
148,296
148,295
148,177
148,176
148,23
148,22
148,13
149,347
149,338
149,176
149,175
149,174
149,24
149,23
149,13
150,347
150,338
150,174
150,173
150,172
150,24
150,14
151,347
151,338
151,176
151,175
151,174
151,172
151,171
151,170
151,169
151,25
151,24
151,15
151,14
152,347
152,338
152,179
152,178
152,177
152,169
152,168
152,167
152,26
152,25
152,15
153,346
153,338
153,337
153,177
153,176
153,167
153,166
153,165
153,164
153,27
153,26
153,16
153,15
154,346
154,337
154,178
154,177
154,164
154,163
154,28
154,27
154,22
154,21
154,16
155,346
155,337
155,163
155,162
155,28
155,17
155,16
156,345
156,337
156,336
156,176
156,163
156,162
156,161
156,160
156,29
156,28
156,18
156,17
157,345
157,336
157,176
157,163
157,160
157,159
157,158
157,157
157,156
157,30
157,29
157,19
157,18
158,345
158,344
158,335
158,176
158,175
158,174
158,173
158,165
158,164
158,156
158,155
158,30
158,20
158,19
159,345
159,344
159,335
159,173
159,172
159,165
159,155
159,31
159,30
159,21
159,20
160,344
160,335
160,171
160,170
160,169
160,168
160,167
160,166
160,165
160,32
160,31
160,22
160,21
161,344
161,343
161,335
161,164
161,163
161,32
161,23
161,22
162,343
162,335
162,166
162,165
162,164
162,33
162,32
162,24
162,23
163,343
163,335
163,206
163,164
163,35
163,34
163,33
163,24
163,23
164,342
164,334
164,206
164,205
164,164
164,163
164,36
164,35
164,25
164,23
165,342
165,334
165,291
165,290
165,289
165,288
165,287
165,286
165,205
165,204
165,175
165,37
165,36
165,26
165,25
165,24
166,342
166,334
166,294
166,293
166,292
166,291
166,285
166,284
166,283
166,207
166,204
166,203
166,175
166,174
166,173
166,38
166,37
166,26
167,342
167,334
167,295
167,294
167,283
167,282
167,281
167,280
167,209
167,208
167,203
167,202
167,173
167,172
167,39
167,38
167,27
167,26
168,342
168,334
168,296
168,295
168,281
168,280
168,211
168,210
168,209
168,202
168,172
168,171
168,43
168,39
168,27
169,343
169,334
169,296
169,280
169,211
169,202
169,171
169,42
169,29
169,28
169,27
170,343
170,335
170,297
170,279
170,211
170,201
170,171
170,42
170,32
170,31
170,30
170,26
171,343
171,335
171,297
171,279
171,212
171,201
171,192
171,171
171,42
171,32
171,31
172,344
172,343
172,335
172,298
172,279
172,212
172,200
172,199
172,194
172,193
172,191
172,171
172,54
172,53
172,42
172,33
172,32
173,343
173,335
173,298
173,297
173,294
173,293
173,292
173,291
173,290
173,289
173,278
173,212
173,211
173,200
173,193
173,192
173,191
173,172
173,53
173,52
173,42
173,34
174,344
174,335
174,297
174,296
174,289
174,288
174,278
174,211
174,201
174,200
174,192
174,191
174,173
174,172
174,52
174,51
174,50
174,43
174,42
174,34
175,344
175,335
175,288
175,287
175,278
175,211
175,210
175,209
175,208
175,203
175,202
175,201
175,190
175,174
175,173
175,53
175,52
175,44
175,43
175,34
176,344
176,335
176,287
176,278
176,208
176,207
176,206
176,205
176,204
176,190
176,189
176,175
176,174
176,51
176,50
176,45
176,44
176,34
177,344
177,335
177,287
177,278
177,190
177,189
177,188
177,187
177,177
177,176
177,175
177,49
177,47
177,46
177,45
177,34
178,345
178,335
178,287
178,279
178,190
178,187
178,186
178,185
178,184
178,179
178,178
178,177
178,48
178,47
178,34
179,345
179,335
179,287
179,286
179,279
179,190
179,184
179,183
179,182
179,181
179,180
179,48
179,33
180,345
180,335
180,286
180,280
180,279
180,191
180,49
180,48
181,345
181,335
181,286
181,285
181,280
181,194
181,193
181,192
181,49
182,345
182,335
182,285
182,284
182,283
182,282
182,281
182,197
182,195
182,194
182,49
182,38
182,37
182,36
183,345
183,335
183,197
183,196
183,195
183,50
183,49
183,39
183,38
184,349
184,345
184,335
184,198
184,50
184,40
184,39
185,347
185,346
185,345
185,335
185,51
185,50
185,41
185,40
186,346
186,345
186,335
186,51
186,42
187,346
187,345
187,335
187,51
187,42
188,345
188,335
188,52
188,43
189,344
189,335
189,52
189,43
190,344
190,343
190,335
190,52
190,43
191,344
191,343
191,335
191,52
191,43
192,343
192,342
192,334
192,53
192,44
192,43
193,342
193,334
193,53
193,44
194,342
194,341
194,333
194,53
194,45
194,44
195,341
195,333
195,54
195,45
196,341
196,340
196,333
196,54
196,45
197,340
197,331
197,330
197,54
197,46
198,340
198,331
198,54
198,46
199,340
199,332
199,331
199,55
199,46
200,339
200,332
200,282
200,55
200,46
201,339
201,332
201,282
201,55
201,46
202,339
202,332
202,282
202,281
202,55
202,46
203,339
203,332
203,282
203,281
203,55
203,46
204,339
204,332
204,283
204,281
204,55
204,46
205,339
205,332
205,331
205,283
205,54
205,46
206,339
206,331
206,283
206,54
206,46
207,338
207,331
207,330
207,283
207,54
207,46
208,338
208,330
208,329
208,283
208,54
208,46
209,337
209,329
209,283
209,54
209,46
210,337
210,329
210,328
210,283
210,54
210,45
211,336
211,328
211,283
211,54
211,45
212,336
212,328
212,327
212,282
212,281
212,53
212,45
213,335
213,327
213,281
213,280
213,53
213,45
214,335
214,327
214,280
214,53
214,45
214,44
215,335
215,326
215,280
215,279
215,52
215,44
216,334
216,326
216,279
216,278
216,270
216,269
216,268
216,267
216,52
216,44
216,43
217,334
217,326
217,271
217,270
217,267
217,266
217,51
217,43
218,334
218,326
218,266
218,265
218,51
218,43
219,334
219,326
219,325
219,271
219,270
219,265
219,51
219,43
220,333
220,325
220,271
220,265
220,264
220,51
220,43
221,333
221,325
221,271
221,264
221,50
221,42
222,333
222,325
222,324
222,271
222,264
222,50
222,42
223,333
223,324
223,271
223,264
223,50
223,42
224,332
224,324
224,271
224,264
224,50
224,42
225,332
225,324
225,271
225,264
225,49
225,42
226,332
226,323
226,271
226,264
226,49
226,41
227,332
227,323
227,271
227,263
227,49
227,41
228,332
228,323
228,272
228,271
228,263
228,49
228,41
229,332
229,323
229,273
229,272
229,263
229,49
229,41
230,332
230,323
230,272
230,263
230,49
230,41
231,332
231,323
231,273
231,263
231,49
231,41
232,331
232,323
232,273
232,263
232,49
232,41
233,331
233,323
233,273
233,264
233,263
233,49
233,41
234,331
234,322
234,272
234,264
234,49
234,41
235,331
235,322
235,272
235,271
235,270
235,264
235,49
235,41
236,331
236,322
236,270
236,269
236,268
236,267
236,266
236,265
236,264
236,50
236,41
237,387
237,386
237,330
237,322
237,321
237,50
237,41
238,386
238,385
238,384
238,330
238,321
238,50
238,41
239,385
239,384
239,330
239,321
239,50
239,41
240,385
240,384
240,329
240,321
240,320
240,50
240,41
241,384
241,329
241,320
241,51
241,50
241,41
242,383
242,329
242,320
242,51
242,41
243,383
243,328
243,320
243,51
243,41
244,384
244,383
244,328
244,320
244,52
244,51
244,41
245,383
245,328
245,320
245,53
245,52
245,41
246,383
246,328
246,319
246,54
246,53
246,40
246,39
247,383
247,382
247,327
247,319
247,55
247,54
247,40
247,39
247,38
248,382
248,327
248,319
248,56
248,55
248,40
248,38
248,37
248,36
248,35
249,382
249,381
249,327
249,319
249,58
249,57
249,56
249,42
249,40
250,381
250,380
250,327
250,319
250,59
250,58
250,42
251,380
251,379
251,327
251,319
251,60
251,59
251,42
252,379
252,327
252,319
252,61
252,60
252,48
252,47
252,46
252,45
252,44
252,43
252,42
253,379
253,327
253,319
253,318
253,62
253,61
253,50
253,49
253,46
253,45
254,379
254,326
254,318
254,63
254,62
254,52
254,51
255,378
255,326
255,318
255,64
255,63
255,53
255,52
256,378
256,326
256,318
256,317
256,65
256,64
256,54
256,53
257,378
257,326
257,317
257,66
257,65
257,55
257,54
258,378
258,325
258,317
258,66
258,56
258,55
259,378
259,325
259,317
259,67
259,66
259,57
259,56
260,378
260,325
260,316
260,67
260,58
260,57
261,378
261,325
261,316
261,68
261,67
261,59
261,58
262,377
262,325
262,316
262,69
262,68
262,59
263,377
263,325
263,316
263,70
263,69
263,60
263,59
264,377
264,376
264,325
264,317
264,70
264,60
265,376
265,375
265,325
265,317
265,71
265,70
265,61
266,375
266,374
266,373
266,326
266,317
266,72
266,71
266,61
267,373
267,372
267,371
267,326
267,317
267,72
267,62
268,371
268,370
268,326
268,316
268,73
268,63
268,62
269,370
269,369
269,326
269,316
269,73
269,64
269,63
270,370
270,369
270,368
270,367
270,326
270,316
270,73
270,64
271,370
271,367
271,366
271,365
271,364
271,363
271,326
271,316
271,73
271,65
272,326
272,315
272,73
272,65
273,326
273,315
273,74
273,65
274,326
274,315
274,74
274,66
275,326
275,315
275,74
275,66
276,326
276,316
276,315
276,74
276,67
276,66
277,326
277,316
277,314
277,76
277,75
277,67
277,66
278,326
278,316
278,76
278,67
279,327
279,316
279,76
279,67
280,327
280,77
280,76
280,68
281,327
281,77
281,68
282,327
282,317
282,77
282,68
283,326
283,317
283,77
283,68
284,326
284,318
284,77
284,69
285,326
285,318
285,77
285,69
286,326
286,318
286,77
286,68
287,326
287,318
287,77
287,68
288,326
288,318
288,77
288,68
289,326
289,318
289,77
289,68
290,326
290,318
290,77
290,68
291,326
291,318
291,77
291,68
292,326
292,318
292,77
292,68
293,326
293,318
293,77
293,68
294,327
294,318
294,77
294,68
295,327
295,318
295,77
295,68
296,327
296,318
296,77
296,68
297,327
297,318
297,77
297,68
298,327
298,318
298,78
298,68
299,327
299,318
299,78
299,69
299,68
299,67
300,327
300,318
300,78
300,68
301,327
301,319
301,78
301,69
301,68
302,328
302,319
302,79
302,70
302,69
302,39
302,38
303,328
303,319
303,79
303,71
303,70
303,38
303,37
304,328
304,319
304,79
304,71
304,37
304,36
304,35
304,34
305,328
305,319
305,79
305,71
305,34
305,33
306,328
306,320
306,79
306,71
306,33
306,32
306,31
307,328
307,320
307,79
307,71
307,31
307,30
307,19
308,328
308,320
308,79
308,71
308,30
308,29
308,28
308,19
308,18
309,328
309,320
309,79
309,71
309,28
309,27
309,20
309,18
309,17
309,16
310,329
310,320
310,79
310,71
310,27
310,26
310,21
310,20
310,16
310,15
311,329
311,320
311,79
311,71
311,26
311,25
311,24
311,15
312,329
312,320
312,79
312,71
312,23
312,15
313,329
313,320
313,79
313,71
313,23
313,15
314,329
314,320
314,79
314,71
314,22
314,14
315,329
315,320
315,79
315,78
315,71
315,22
315,21
315,15
315,14
316,329
316,321
316,79
316,71
316,21
316,20
316,15
317,329
317,321
317,79
317,71
317,20
317,19
317,18
317,16
317,15
318,329
318,321
318,80
318,71
318,17
318,16
319,329
319,321
319,80
319,71
320,329
320,321
320,208
320,207
320,80
320,71
321,329
321,321
321,207
321,206
321,80
321,71
322,330
322,321
322,206
322,205
322,204
322,80
322,71
323,330
323,321
323,204
323,203
323,202
323,201
323,80
323,72
324,330
324,321
324,201
324,200
324,199
324,80
324,71
325,330
325,322
325,199
325,198
325,80
325,71
326,330
326,322
326,198
326,79
326,71
327,330
327,322
327,198
327,79
327,71
328,330
328,322
328,198
328,79
328,71
328,70
329,330
329,322
329,199
329,79
329,70
330,331
330,322
330,199
330,78
330,70
331,331
331,323
331,199
331,78
331,70
331,69
332,331
332,323
332,199
332,78
332,69
333,331
333,323
333,198
333,197
333,78
333,68
334,332
334,331
334,323
334,78
334,68
335,332
335,323
335,77
335,68
336,332
336,324
336,77
336,67
337,332
337,324
337,77
337,67
338,333
338,324
338,77
338,67
339,333
339,324
339,76
339,67
340,333
340,324
340,76
340,67
341,333
341,325
341,76
341,67
342,333
342,325
342,181
342,76
342,67
343,333
343,325
343,181
343,76
343,67
344,333
344,325
344,181
344,75
344,67
345,333
345,325
345,181
345,75
345,67
346,333
346,325
346,181
346,180
346,75
346,66
347,379
347,333
347,325
347,180
347,179
347,75
347,66
348,379
348,373
348,372
348,334
348,325
348,179
348,178
348,75
348,66
349,380
349,379
349,372
349,371
349,334
349,326
349,178
349,177
349,176
349,75
349,66
350,381
350,380
350,371
350,334
350,326
350,176
350,175
350,174
350,75
350,66
351,381
351,371
351,370
351,334
351,326
351,174
351,173
351,75
351,66
352,381
352,371
352,369
352,368
352,367
352,366
352,365
352,364
352,334
352,326
352,173
352,172
352,74
352,65
353,381
353,371
353,364
353,363
353,362
353,335
353,326
353,172
353,74
353,65
354,381
354,371
354,362
354,361
354,335
354,326
354,171
354,74
354,65
355,381
355,372
355,361
355,360
355,335
355,327
355,170
355,74
355,65
356,381
356,372
356,360
356,359
356,335
356,327
356,170
356,74
356,65
357,381
357,380
357,379
357,373
357,372
357,360
357,335
357,327
357,170
357,74
357,65
358,379
358,378
358,377
358,375
358,374
358,360
358,336
358,327
358,170
358,74
358,65
359,377
359,376
359,360
359,336
359,327
359,170
359,74
359,65
360,360
360,336
360,327
360,169
360,74
360,65
361,360
361,336
361,328
361,168
361,74
361,65
362,361
362,337
362,328
362,168
362,167
362,74
362,65
363,361
363,337
363,329
363,328
363,167
363,166
363,74
363,65
364,362
364,337
364,330
364,329
364,166
364,165
364,164
364,163
364,162
364,161
364,74
364,65
365,363
365,338
365,330
365,163
365,162
365,161
365,75
365,65
366,363
366,338
366,329
366,161
366,160
366,159
366,158
366,75
366,65
367,363
367,339
367,338
367,330
367,158
367,157
367,156
367,75
367,65
368,364
368,339
368,330
368,156
368,155
368,75
368,66
369,365
369,364
369,339
369,330
369,155
369,154
369,76
369,66
370,369
370,366
370,365
370,339
370,330
370,154
370,153
370,76
370,66
371,369
371,368
371,367
371,366
371,339
371,330
371,153
371,152
371,76
371,66
372,368
372,367
372,339
372,330
372,152
372,151
372,76
372,66
373,339
373,330
373,151
373,76
373,67
374,339
374,330
374,151
374,150
374,149
374,76
374,67
375,339
375,331
375,149
375,148
375,77
375,68
376,339
376,331
376,148
376,147
376,77
376,68
377,339
377,331
377,147
377,146
377,77
377,69
377,68
378,339
378,331
378,146
378,145
378,78
378,69
379,340
379,332
379,145
379,144
379,79
379,78
379,70
379,69
380,340
380,332
380,144
380,143
380,79
380,70
381,340
381,332
381,143
381,80
381,79
381,71
381,70
382,340
382,332
382,142
382,80
382,71
383,341
383,333
383,142
383,80
383,71
384,341
384,333
384,141
384,81
384,80
384,72
385,341
385,333
385,141
385,81
385,72
386,342
386,334
386,333
386,140
386,139
386,81
386,72
387,342
387,334
387,139
387,138
387,82
387,81
387,73
388,342
388,334
388,138
388,137
388,82
388,73
389,343
389,334
389,137
389,136
389,135
389,82
389,74
390,343
390,335
390,135
390,134
390,82
390,74
391,343
391,335
391,134
391,133
391,82
391,74
392,388
392,343
392,335
392,133
392,132
392,131
392,130
392,83
392,74
393,387
393,343
393,335
393,130
393,129
393,83
393,75
394,387
394,343
394,335
394,129
394,128
394,83
394,75
395,387
395,343
395,335
395,128
395,127
395,83
395,75
396,386
396,344
396,335
396,127
396,83
396,75
397,386
397,363
397,344
397,335
397,127
397,126
397,83
397,75
398,386
398,362
398,361
398,360
398,359
398,344
398,335
398,126
398,83
398,75
399,386
399,359
399,358
399,344
399,336
399,335
399,126
399,125
399,83
399,75
400,386
400,385
400,358
400,357
400,344
400,336
400,125
400,124
400,84
400,75
401,385
401,384
401,358
401,344
401,343
401,342
401,341
401,340
401,338
401,337
401,336
401,124
401,123
401,84
401,75
402,384
402,383
402,357
402,344
402,339
402,338
402,123
402,122
402,84
402,76
403,383
403,382
403,357
403,345
403,122
403,84
403,76
404,382
404,381
404,380
404,357
404,345
404,122
404,121
404,84
404,77
404,76
405,380
405,379
405,378
405,357
405,346
405,121
405,85
405,76
406,378
406,377
406,358
406,357
406,346
406,121
406,85
406,76
407,377
407,376
407,358
407,346
407,121
407,85
407,77
408,376
408,375
408,374
408,358
408,344
408,120
408,86
408,77
409,374
409,373
409,358
409,345
409,344
409,341
409,120
409,87
409,77
410,373
410,372
410,371
410,358
410,345
410,341
410,340
410,120
410,119
410,87
410,77
411,371
411,370
411,359
411,358
411,346
411,345
411,343
411,340
411,339
411,119
411,87
411,77
412,370
412,369
412,361
412,360
412,359
412,346
412,339
412,119
412,118
412,88
412,77
413,369
413,361
413,360
413,346
413,339
413,118
413,117
413,88
413,78
414,369
414,368
414,360
414,346
414,339
414,338
414,117
414,116
414,89
414,88
414,79
414,78
415,368
415,361
415,360
415,346
415,338
415,116
415,89
415,79
416,368
416,367
416,362
416,361
416,346
416,338
416,116
416,90
416,89
416,80
416,79
417,367
417,366
417,363
417,362
417,346
417,338
417,116
417,90
417,81
417,80
418,366
418,365
418,364
418,363
418,346
418,337
418,115
418,91
418,90
418,81
419,346
419,337
419,92
419,91
419,82
419,81
420,346
420,337
420,92
420,83
420,82
421,346
421,337
421,93
421,92
421,83
422,346
422,337
422,94
422,93
422,84
422,83
423,346
423,337
423,94
423,84
424,346
424,337
424,95
424,94
424,85
424,84
425,345
425,337
425,96
425,86
425,85
426,345
426,337
426,97
426,87
426,86
427,345
427,336
427,97
427,87
428,345
428,336
428,98
428,88
428,87
429,345
429,336
429,99
429,89
429,88
430,344
430,335
430,100
430,99
430,90
430,89
431,344
431,335
431,101
431,100
431,91
431,90
432,344
432,335
432,102
432,101
432,91
433,344
433,343
433,334
433,103
433,102
433,92
433,91
434,343
434,334
434,103
434,102
434,93
434,92
435,343
435,342
435,334
435,104
435,94
435,93
436,342
436,333
436,105
436,95
436,94
437,342
437,341
437,333
437,96
437,95
438,341
438,332
438,107
438,106
438,97
438,96
439,341
439,332
439,331
439,108
439,107
439,98
440,341
440,331
440,110
440,109
440,108
440,99
441,340
441,331
441,330
441,111
441,110
441,104
441,103
441,102
441,99
442,340
442,339
442,330
442,329
442,112
442,111
442,99
443,339
443,329
443,114
443,113
443,112
443,99
443,98
444,339
444,338
444,329
444,328
444,115
444,114
444,98
444,97
444,96
445,338
445,328
445,116
445,115
445,96
445,95
446,338
446,337
446,328
446,327
446,117
446,116
446,95
446,94
446,93
447,337
447,336
447,327
447,326
447,118
447,117
447,93
447,92
448,336
448,327
448,119
448,118
448,92
448,91
449,336
449,335
449,326
449,120
449,119
449,91
449,90
450,335
450,334
450,325
450,121
450,120
450,115
450,106
450,105
450,104
450,90
450,89
451,334
451,324
451,122
451,121
451,115
451,109
451,108
451,107
451,103
451,102
451,101
452,334
452,333
452,323
452,123
452,122
452,112
452,111
452,110
452,100
452,99
453,333
453,332
453,322
453,124
453,123
453,113
453,99
453,98
454,332
454,331
454,321
454,125
454,124
454,114
454,113
454,98
454,97
455,331
455,330
455,321
455,320
455,319
455,126
455,125
455,115
455,114
455,97
455,96
456,330
456,329
456,319
456,318
456,127
456,126
456,116
456,115
456,96
456,95
457,329
457,328
457,318
457,128
457,127
457,117
457,116
457,95
457,45
458,328
458,327
458,318
458,317
458,129
458,128
458,118
458,117
458,95
458,48
458,47
458,46
458,45
458,44
459,327
459,326
459,317
459,316
459,129
459,118
459,94
459,49
459,43
459,42
459,41
459,40
459,39
459,32
459,31
459,30
459,29
460,326
460,325
460,316
460,129
460,119
460,118
460,94
460,41
460,39
460,38
460,37
460,34
460,29
460,28
460,27
461,325
461,324
461,315
461,225
461,224
461,223
461,222
461,221
461,220
461,130
461,129
461,120
461,94
461,37
461,36
461,27
461,26
461,25
462,324
462,323
462,314
462,227
462,226
462,220
462,131
462,130
462,120
462,93
462,92
462,25
462,24
463,323
463,322
463,314
463,228
463,220
463,132
463,121
463,93
463,92
463,91
463,24
463,23
463,22
464,322
464,313
464,220
464,132
464,121
464,91
464,90
464,22
464,21
465,322
465,321
465,313
465,312
465,220
465,219
465,132
465,121
465,21
466,321
466,320
466,312
466,219
466,132
466,121
466,21
466,20
467,320
467,312
467,311
467,219
467,218
467,217
467,131
467,121
467,83
467,82
467,81
467,20
468,320
468,319
468,311
468,310
468,217
468,216
468,131
468,121
468,81
468,80
468,79
468,19
469,319
469,310
469,309
469,216
469,215
469,214
469,213
469,131
469,121
469,79
469,78
469,19
470,319
470,318
470,309
470,308
470,213
470,212
470,211
470,210
470,209
470,131
470,121
470,87
470,85
470,78
470,77
470,76
470,19
471,318
471,317
471,308
471,307
471,209
471,208
471,207
471,131
471,121
471,87
471,85
471,76
471,75
471,38
471,37
471,36
471,34
471,20
472,317
472,307
472,306
472,207
472,206
472,205
472,131
472,122
472,86
472,75
472,74
472,36
472,35
472,34
472,20
473,317
473,316
473,306
473,305
473,205
473,130
473,122
473,86
473,85
473,73
473,72
473,71
473,70
473,35
473,34
474,316
474,315
474,305
474,304
474,204
474,203
474,131
474,122
474,85
474,84
474,69
474,68
474,67
474,34
474,33
474,21
474,20
475,315
475,314
475,313
475,304
475,303
475,204
475,203
475,202
475,131
475,122
475,84
475,83
475,82
475,74
475,67
475,66
475,65
475,33
475,22
475,21
476,313
476,312
476,303
476,302
476,202
476,201
476,200
476,199
476,198
476,197
476,196
476,195
476,131
476,123
476,122
476,82
476,81
476,74
476,65
476,64
476,63
476,33
476,32
476,24
476,23
476,22
477,312
477,311
477,302
477,301
477,203
477,194
477,193
477,192
477,131
477,123
477,81
477,80
477,63
477,32
477,31
477,25
477,24
478,311
478,310
478,309
478,301
478,300
478,204
478,192
478,191
478,190
478,131
478,123
478,80
478,79
478,78
478,63
478,30
478,29
478,26
478,25
479,309
479,308
479,300
479,299
479,190
479,131
479,123
479,78
479,77
479,64
479,27
479,26
480,307
480,299
480,190
480,131
480,123
480,77
480,76
480,28
480,27
481,307
481,298
481,131
481,123
481,76
481,75
481,74
481,29
481,28
482,307
482,298
482,132
482,123
482,74
482,73
482,29
482,3
482,2
483,307
483,298
483,297
483,132
483,123
483,73
483,72
483,71
483,70
483,29
483,4
483,3
484,306
484,297
484,296
484,132
484,123
484,70
484,69
484,68
484,67
484,66
484,65
484,64
484,63
484,62
484,61
484,5
484,4
485,306
485,296
485,295
485,132
485,123
485,60
485,59
485,58
485,57
485,56
485,6
485,5
486,305
486,304
486,295
486,294
486,293
486,131
486,123
486,56
486,55
486,7
486,6
487,304
487,303
487,293
487,292
487,131
487,123
487,55
487,54
487,9
487,8
487,7
488,303
488,292
488,291
488,131
488,123
488,54
488,53
488,10
488,9
489,303
489,302
489,291
489,290
489,131
489,123
489,53
489,52
489,12
489,11
489,10
490,302
490,301
490,290
490,289
490,173
490,131
490,122
490,52
490,51
490,16
490,15
490,14
490,13
491,301
491,300
491,289
491,288
491,173
491,131
491,122
491,51
491,50
491,17
492,300
492,299
492,288
492,285
492,172
492,131
492,122
492,50
492,49
492,21
492,20
492,19
492,18
493,299
493,298
493,288
493,287
493,284
493,172
493,131
493,122
493,49
493,48
493,22
493,21
494,298
494,297
494,287
494,286
494,284
494,182
494,173
494,131
494,122
494,121
494,48
494,47
494,46
494,24
494,23
494,22
495,297
495,296
495,286
495,285
495,183
495,173
495,131
495,121
495,120
495,46
495,45
495,44
495,43
495,42
495,41
495,40
495,39
495,26
495,25
495,24
496,296
496,295
496,285
496,183
496,172
496,131
496,120
496,38
496,37
496,29
496,28
496,27
496,26
496,25
497,295
497,285
497,284
497,183
497,172
497,171
497,131
497,120
497,36
497,35
497,31
497,30
497,29
498,295
498,294
498,284
498,183
498,171
498,170
498,131
498,121
498,34
498,32
498,31
499,293
499,284
499,283
499,184
499,170
499,169
499,131
499,121
499,34
499,33
499,32
500,293
500,283
500,282
500,183
500,169
500,168
500,167
500,131
500,120
500,117
500,116
501,292
501,282
501,183
501,167
501,166
501,131
501,118
501,117
502,292
502,282
502,183
502,182
502,166
502,165
502,132
502,120
502,119
502,118
503,292
503,282
503,182
503,181
503,180
503,165
503,145
503,144
503,143
503,142
503,141
503,132
503,129
503,128
503,127
503,122
503,121
503,120
504,291
504,282
504,180
504,179
504,178
504,165
504,164
504,146
504,145
504,141
504,140
504,133
504,127
504,126
504,123
504,122
505,291
505,282
505,178
505,177
505,176
505,164
505,147
505,146
505,134
505,126
505,125
505,124
506,290
506,281
506,176
506,175
506,174
506,164
506,147
506,135
507,290
507,281
507,174
507,173
507,172
507,164
507,147
507,135
508,290
508,281
508,172
508,171
508,165
508,164
508,148
508,135
508,127
508,126
509,290
509,289
509,281
509,171
509,165
509,164
509,149
509,136
509,127
509,122
510,289
510,281
510,171
510,170
510,164
510,150
510,136
510,127
510,122
511,289
511,280
511,170
511,150
511,136
511,127
511,122
512,289
512,288
512,280
512,170
512,151
512,149
512,136
512,128
512,127
512,122
512,121
513,288
513,280
513,171
513,151
513,136
513,128
513,122
513,121
514,288
514,280
514,171
514,151
514,136
514,128
514,121
515,288
515,287
515,280
515,171
515,151
515,136
515,128
515,121
516,287
516,279
516,171
516,151
516,136
516,128
516,121
516,120
517,287
517,279
517,201
517,200
517,171
517,151
517,137
517,136
517,128
517,120
518,287
518,279
518,200
518,199
518,171
518,151
518,137
518,128
518,120
518,119
519,287
519,279
519,199
519,151
519,138
519,137
519,128
519,119
520,287
520,279
520,199
520,198
520,197
520,151
520,150
520,138
520,128
520,119
521,287
521,279
521,197
521,196
521,150
521,149
521,139
521,138
521,128
521,119
522,287
522,279
522,196
522,195
522,149
522,140
522,139
522,129
522,119
523,287
523,279
523,195
523,194
523,149
523,148
523,140
523,129
523,119
524,287
524,279
524,194
524,193
524,148
524,147
524,141
524,140
524,130
524,118
525,287
525,279
525,245
525,244
525,243
525,193
525,192
525,191
525,190
525,189
525,188
525,187
525,186
525,185
525,184
525,183
525,182
525,181
525,180
525,179
525,178
525,177
525,142
525,141
525,130
525,118
526,287
526,279
526,248
526,247
526,246
526,243
526,242
526,241
526,240
526,239
526,238
526,237
526,236
526,147
526,146
526,145
526,144
526,143
526,142
526,131
526,118
527,286
527,278
527,250
527,249
527,248
527,236
527,235
527,234
527,233
527,132
527,131
527,117
527,116
528,286
528,278
528,251
528,250
528,233
528,232
528,132
528,116
528,115
529,286
529,278
529,251
529,232
529,196
529,133
529,132
529,115
529,114
530,286
530,278
530,252
530,251
530,232
530,231
530,198
530,197
530,196
530,133
530,114
531,286
531,278
531,252
531,231
531,230
531,199
531,198
531,134
531,133
532,286
532,277
532,253
532,230
532,229
532,136
532,135
532,134
533,286
533,277
533,253
533,229
533,202
533,201
533,200
533,199
533,138
533,137
533,136
534,286
534,277
534,253
534,229
534,228
534,205
534,204
534,203
534,198
534,197
534,196
534,141
534,140
534,139
535,286
535,277
535,254
535,228
535,207
535,206
535,205
535,200
535,199
535,198
535,197
535,195
535,194
535,193
535,192
535,191
535,144
535,143
535,142
536,286
536,277
536,254
536,208
536,207
536,191
536,190
536,189
536,159
536,158
536,157
536,156
536,155
536,154
536,153
536,152
536,151
536,150
536,149
536,148
536,146
536,145
537,287
537,286
537,278
537,277
537,254
537,209
537,208
537,189
537,188
537,165
537,164
537,163
537,162
537,161
537,160
537,148
538,287
538,277
538,254
538,211
538,210
538,209
538,188
538,168
538,167
538,166
539,287
539,278
539,254
539,214
539,213
539,212
539,211
539,188
539,171
539,170
539,169
539,168
539,167
540,287
540,278
540,254
540,253
540,217
540,216
540,215
540,214
540,185
540,184
540,183
540,182
540,181
540,180
540,169
541,288
541,278
541,253
541,220
541,219
541,218
541,217
541,187
541,186
541,185
541,180
541,179
541,178
541,169
542,288
542,278
542,253
542,252
542,223
542,222
542,221
542,220
542,189
542,188
542,187
542,169
543,288
543,279
543,252
543,251
543,225
543,224
543,223
543,191
543,190
543,189
543,169
544,288
544,279
544,251
544,250
544,227
544,226
544,225
544,195
544,194
544,193
544,192
545,288
545,279
545,250
545,249
545,229
545,228
545,227
545,197
545,196
545,195
546,288
546,279
546,249
546,248
546,247
546,231
546,230
546,229
546,212
546,211
546,210
546,209
546,208
546,207
546,199
546,198
546,197
547,287
547,279
547,247
547,246
547,245
547,233
547,232
547,231
547,207
547,206
547,205
547,204
547,203
547,202
547,201
547,200
548,287
548,286
548,279
548,245
548,237
548,236
548,235
548,234
548,215
548,214
548,213
549,286
549,279
549,278
549,244
549,243
549,242
549,241
549,240
549,239
549,238
549,217
549,216
550,286
550,285
550,278
550,226
550,220
550,219
550,218
551,285
551,278
551,226
551,225
551,223
551,222
551,221
552,285
552,277
552,226
552,225
552,224
553,285
553,277
553,227
554,285
554,277
554,229
554,228
554,211
555,285
555,277
555,231
555,230
555,229
555,212
556,284
556,277
556,233
556,232
556,231
556,212
556,211
557,284
557,277
557,276
557,235
557,234
557,233
557,211
557,99
558,284
558,276
558,240
558,239
558,238
558,237
558,236
558,211
558,99
559,284
559,276
559,275
559,243
559,242
559,241
559,212
559,211
559,99
560,284
560,275
560,213
560,212
560,99
561,284
561,275
561,250
561,249
561,248
561,213
561,99
562,283
562,275
562,254
562,253
562,252
562,251
562,214
562,213
562,99
563,283
563,275
563,260
563,259
563,258
563,257
563,256
563,255
563,254
563,215
563,214
563,99
564,283
564,274
564,272
564,271
564,264
564,263
564,262
564,261
564,215
564,100
565,283
565,274
565,216
565,215
565,100
565,79
565,78
566,283
566,274
566,273
566,216
566,100
566,83
566,82
566,81
566,80
566,79
566,78
566,77
566,76
566,75
566,74
566,69
566,68
566,67
566,66
567,283
567,274
567,216
567,215
567,100
567,85
567,84
567,83
567,74
567,73
567,72
567,71
567,66
567,65
567,64
568,283
568,275
568,215
568,100
568,86
568,85
568,64
568,63
568,62
569,283
569,275
569,215
569,100
569,86
569,62
569,61
570,283
570,275
570,215
570,100
570,88
570,61
570,60
571,284
571,275
571,216
571,100
571,88
571,59
572,284
572,275
572,216
572,100
572,89
572,59
573,284
573,275
573,216
573,215
573,100
573,89
573,59
574,284
574,276
574,215
574,214
574,100
574,89
574,59
575,285
575,276
575,214
575,100
575,89
575,59
575,58
576,285
576,276
576,214
576,213
576,100
576,89
576,58
577,285
577,276
577,213
577,212
577,211
577,100
577,89
577,58
577,57
578,286
578,276
578,211
578,210
578,100
578,89
578,57
578,56
579,286
579,277
579,210
579,179
579,100
579,94
579,91
579,89
579,56
579,55
580,286
580,277
580,210
580,209
580,179
580,100
580,93
580,92
580,91
580,89
580,55
580,54
581,287
581,278
581,277
581,209
581,208
581,207
581,179
581,100
581,89
581,54
582,287
582,278
582,207
582,179
582,100
582,88
582,54
582,53
583,287
583,278
583,180
583,100
583,88
583,53
584,288
584,279
584,180
584,100
584,54
585,288
585,279
585,180
585,99
585,89
586,289
586,280
586,180
586,99
586,89
586,88
587,289
587,280
587,180
587,99
587,88
587,87
588,289
588,280
588,180
588,98
588,87
589,290
589,289
589,281
589,180
589,98
589,87
589,86
590,290
590,281
590,180
590,98
590,86
590,85
591,291
591,290
591,281
591,180
591,98
591,85
591,84
592,292
592,291
592,282
592,180
592,97
592,84
593,292
593,282
593,96
593,84
593,83
594,293
594,292
594,283
594,96
594,95
594,94
594,83
594,82
595,294
595,293
595,283
595,94
595,93
595,82
595,81
596,294
596,284
596,93
596,92
596,81
596,80
597,295
597,294
597,285
597,92
597,82
598,295
598,285
598,126
598,92
598,82
599,295
599,286
599,285
599,126
599,125
599,92
599,82
600,296
600,286
600,125
600,124
600,93
600,82
601,296
601,287
601,286
601,124
601,123
601,105
601,94
601,93
601,84
601,83
601,82
602,296
602,287
602,123
602,122
602,121
602,107
602,106
602,105
602,95
602,94
602,86
602,85
602,84
602,81
603,297
603,288
603,287
603,121
603,120
603,113
603,112
603,111
603,110
603,109
603,108
603,107
603,96
603,95
603,81
604,298
604,294
604,289
604,288
604,120
604,119
604,118
604,117
604,115
604,114
604,113
604,112
604,80
604,11
604,10
604,9
604,8
604,7
604,5
604,4
604,3
604,2
605,298
605,289
605,117
605,116
605,115
605,80
605,17
605,16
605,15
605,14
605,13
605,12
605,2
606,299
606,290
606,289
606,80
606,20
606,19
606,18
607,300
607,299
607,291
607,290
607,79
607,25
607,24
607,23
607,22
607,21
608,300
608,291
608,79
608,32
608,31
608,30
608,29
608,28
608,27
608,26
609,301
609,300
609,292
609,291
609,38
609,37
609,36
609,35
609,34
609,33
609,2
610,302
610,301
610,292
610,45
610,44
610,43
610,42
610,41
610,40
610,39
610,2
611,302
611,293
611,292
611,51
611,50
611,49
611,48
611,47
611,46
611,5
611,4
611,3
611,2
612,303
612,302
612,293
612,56
612,55
612,54
612,53
612,52
612,10
612,9
612,8
612,7
612,6
612,5
613,304
613,303
613,294
613,62
613,61
613,60
613,59
613,58
613,57
613,14
613,13
613,12
613,11
614,304
614,294
614,70
614,69
614,68
614,67
614,66
614,65
614,64
614,63
614,18
614,17
614,16
614,15
615,305
615,304
615,294
615,86
615,85
615,84
615,83
615,82
615,81
615,80
615,79
615,78
615,77
615,76
615,75
615,74
615,73
615,72
615,22
615,21
615,20
615,19
616,305
616,295
616,93
616,92
616,91
616,90
616,89
616,88
616,87
616,28
616,27
616,26
616,25
616,24
616,23
617,306
617,305
617,295
617,99
617,98
617,97
617,96
617,95
617,94
617,61
617,34
617,33
617,32
617,31
617,30
617,29
618,306
618,295
618,103
618,102
618,101
618,100
618,39
618,38
618,37
618,36
618,35
619,307
619,306
619,296
619,111
619,110
619,109
619,108
619,107
619,106
619,105
619,104
619,48
619,47
619,46
619,45
619,44
619,43
619,42
619,41
619,40
620,308
620,307
620,296
620,117
620,116
620,115
620,114
620,113
620,112
620,57
620,56
620,55
620,54
620,53
620,52
620,51
620,50
620,49
621,308
621,297
621,123
621,122
621,121
621,120
621,119
621,118
621,67
621,66
621,65
621,64
621,63
621,62
621,61
621,60
621,59
622,309
622,308
622,297
622,133
622,132
622,131
622,130
622,129
622,128
622,127
622,126
622,125
622,124
622,72
622,71
622,70
622,69
622,68
623,309
623,298
623,142
623,141
623,140
623,139
623,138
623,137
623,136
623,135
623,134
623,80
623,79
623,78
623,77
623,76
623,75
623,74
623,73
624,310
624,309
624,299
624,147
624,146
624,145
624,144
624,143
624,142
624,88
624,87
624,86
624,85
624,84
624,83
624,82
624,81
625,311
625,310
625,300
625,163
625,162
625,161
625,160
625,159
625,158
625,157
625,156
625,155
625,154
625,153
625,152
625,151
625,150
625,149
625,148
625,95
625,94
625,93
625,92
625,91
625,90
625,89
625,48
626,312
626,311
626,301
626,300
626,173
626,172
626,171
626,170
626,169
626,168
626,167
626,166
626,165
626,164
626,102
626,101
626,100
626,99
626,98
626,97
626,96
627,313
627,312
627,301
627,179
627,178
627,177
627,176
627,175
627,174
627,110
627,109
627,108
627,107
627,106
627,105
627,104
627,103
628,314
628,313
628,301
628,188
628,187
628,186
628,185
628,184
628,183
628,182
628,181
628,180
628,116
628,115
628,114
628,113
628,112
628,111
628,64
628,63
628,62
628,61
628,60
628,59
628,58
628,57
628,56
628,55
628,54
628,53
628,52
628,51
628,50
628,49
629,313
629,302
629,301
629,259
629,258
629,206
629,205
629,204
629,195
629,194
629,193
629,192
629,191
629,190
629,189
629,121
629,120
629,119
629,118
629,117
629,67
629,66
629,65
629,64
629,49
629,48
630,315
630,310
630,303
630,302
630,258
630,257
630,221
630,220
630,219
630,218
630,217
630,216
630,215
630,214
630,213
630,212
630,211
630,210
630,209
630,208
630,207
630,203
630,202
630,201
630,200
630,199
630,198
630,197
630,130
630,129
630,128
630,127
630,126
630,125
630,124
630,123
630,122
630,68
630,67
630,48
630,47
631,317
631,310
631,304
631,303
631,257
631,227
631,226
631,225
631,224
631,223
631,141
631,140
631,139
631,138
631,137
631,136
631,135
631,134
631,133
631,132
631,68
631,47
632,317
632,316
632,305
632,304
632,300
632,257
632,232
632,231
632,230
632,229
632,228
632,146
632,145
632,144
632,143
632,142
632,67
632,47
633,318
633,317
633,306
633,305
633,235
633,234
633,233
633,155
633,154
633,153
633,152
633,151
633,150
633,149
633,148
633,147
633,67
633,47
634,318
634,307
634,306
634,300
634,299
634,298
634,240
634,239
634,238
634,237
634,236
634,167
634,164
634,163
634,162
634,161
634,160
634,159
634,158
634,157
634,156
634,67
634,47
635,319
635,318
635,308
635,307
635,298
635,297
635,254
635,253
635,249
635,248
635,247
635,246
635,245
635,244
635,243
635,242
635,241
635,172
635,171
635,170
635,169
635,168
635,167
635,166
635,165
635,67
635,47
635,44
636,320
636,319
636,309
636,308
636,297
636,255
636,253
636,252
636,251
636,250
636,180
636,179
636,178
636,177
636,176
636,175
636,174
636,173
636,67
636,66
636,65
636,51
636,50
636,49
636,47
636,44
636,43
637,321
637,320
637,309
637,298
637,257
637,256
637,215
637,214
637,213
637,212
637,211
637,210
637,209
637,208
637,207
637,206
637,205
637,204
637,203
637,202
637,201
637,200
637,199
637,192
637,191
637,190
637,189
637,188
637,187
637,186
637,185
637,184
637,183
637,182
637,181
637,65
637,64
637,63
637,54
637,53
637,52
637,51
637,43
637,19
638,322
638,321
638,310
638,298
638,260
638,259
638,258
638,219
638,218
638,217
638,216
638,199
638,198
638,197
638,196
638,195
638,194
638,63
638,62
638,61
638,60
638,59
638,58
638,57
638,56
638,55
638,20
638,19
639,323
639,322
639,310
639,266
639,265
639,264
639,263
639,262
639,261
639,224
639,223
639,222
639,221
639,220
639,20
640,324
640,323
640,311
640,270
640,269
640,268
640,267
640,228
640,227
640,226
640,225
640,20
641,325
641,324
641,312
641,308
641,274
641,273
641,272
641,271
641,231
641,230
641,229
641,20
642,326
642,325
642,314
642,278
642,277
642,276
642,275
642,237
642,236
642,235
642,234
642,233
642,232
642,20
643,327
643,326
643,315
643,285
643,284
643,283
643,282
643,281
643,280
643,279
643,244
643,243
643,242
643,241
643,240
643,239
643,238
643,20
644,328
644,327
644,316
644,294
644,293
644,292
644,291
644,290
644,289
644,288
644,287
644,286
644,245
644,20
645,329
645,328
645,317
645,303
645,302
645,301
645,300
645,299
645,298
645,297
645,296
645,295
645,253
645,252
645,251
645,250
645,249
645,248
645,247
645,246
645,20
646,330
646,329
646,307
646,306
646,305
646,304
646,256
646,255
646,254
646,228
646,88
646,87
646,86
646,85
646,84
646,83
646,19
647,331
647,330
647,310
647,309
647,308
647,262
647,261
647,260
647,259
647,258
647,257
647,256
647,228
647,89
647,88
647,83
647,82
647,19
648,332
648,331
648,330
648,320
648,319
648,318
648,317
648,316
648,315
648,314
648,313
648,312
648,311
648,265
648,264
648,263
648,228
648,90
648,89
648,82
648,81
648,19
649,334
649,333
649,332
649,269
649,268
649,267
649,266
649,246
649,228
649,227
649,91
649,90
649,81
649,80
649,19
650,336
650,335
650,334
650,273
650,272
650,271
650,270
650,246
650,227
650,92
650,91
650,80
650,79
650,19
651,338
651,337
651,336
651,279
651,278
651,277
651,276
651,275
651,274
651,255
651,246
651,227
651,79
651,20
651,19
652,344
652,343
652,342
652,341
652,340
652,339
652,288
652,287
652,286
652,285
652,284
652,283
652,282
652,281
652,280
652,255
652,246
652,245
652,227
652,89
652,80
652,20
653,354
653,353
653,352
653,351
653,350
653,349
653,348
653,347
653,346
653,293
653,292
653,291
653,290
653,289
653,255
653,245
653,244
653,227
653,89
653,79
653,22
653,21
654,360
654,359
654,358
654,357
654,356
654,355
654,298
654,297
654,296
654,295
654,294
654,255
654,246
654,244
654,243
654,242
654,227
654,88
654,87
654,80
654,24
654,23
654,22
654,20
654,19
655,371
655,370
655,369
655,368
655,367
655,366
655,365
655,364
655,363
655,362
655,361
655,306
655,305
655,304
655,303
655,302
655,301
655,300
655,299
655,255
655,246
655,227
655,87
655,86
655,80
655,79
655,24
655,18
656,379
656,378
656,377
656,376
656,375
656,374
656,373
656,372
656,311
656,310
656,309
656,308
656,307
656,254
656,253
656,227
656,86
656,85
656,81
656,80
656,60
656,24
656,18
656,17
657,387
657,386
657,385
657,384
657,383
657,382
657,381
657,380
657,316
657,315
657,314
657,313
657,312
657,253
657,227
657,84
657,82
657,81
657,61
657,60
657,24
657,17
657,16
658,389
658,388
658,387
658,322
658,321
658,320
658,319
658,318
658,317
658,253
658,252
658,251
658,227
658,83
658,82
658,61
658,24
658,15
659,389
659,332
659,331
659,330
659,329
659,328
659,327
659,326
659,325
659,324
659,323
659,251
659,250
659,249
659,248
659,247
659,227
659,61
659,24
659,15
660,336
660,335
660,334
660,333
660,246
660,226
660,224
660,62
660,24
660,15
661,341
661,340
661,339
661,338
661,337
661,246
661,245
661,244
661,224
661,61
661,24
661,23
661,17
661,16
662,355
662,351
662,350
662,349
662,348
662,347
662,346
662,345
662,344
662,343
662,342
662,244
662,243
662,242
662,241
662,240
662,239
662,224
662,223
662,62
662,23
662,22
662,17
663,363
663,362
663,361
663,360
663,359
663,358
663,357
663,356
663,355
663,354
663,353
663,223
663,222
663,62
663,22
664,389
664,376
664,375
664,374
664,373
664,372
664,371
664,370
664,369
664,368
664,367
664,366
664,365
664,364
664,222
664,221
664,212
664,211
664,210
664,62
664,22
664,21
665,389
665,388
665,382
665,381
665,380
665,379
665,378
665,377
665,376
665,221
665,220
665,210
665,209
665,208
665,207
665,125
665,62
665,21
665,20
666,388
666,387
666,386
666,385
666,384
666,227
666,226
666,225
666,220
666,219
666,207
666,206
666,125
666,62
666,20
667,227
667,219
667,218
667,206
667,205
667,125
667,124
667,102
667,62
668,227
668,218
668,205
668,124
668,123
668,122
668,121
668,102
668,101
668,100
668,99
668,98
668,63
668,61
669,227
669,217
669,205
669,121
669,120
669,119
669,118
669,98
669,97
669,96
669,95
669,63
670,226
670,217
670,205
670,204
670,118
670,117
670,100
670,99
670,95
670,94
670,63
671,226
671,217
671,205
671,204
671,117
671,116
671,102
671,101
671,94
671,93
671,64
672,226
672,217
672,205
672,116
672,102
672,101
672,93
672,64
673,225
673,217
673,206
673,205
673,116
673,115
673,104
673,103
673,102
673,93
673,92
673,64
674,225
674,224
674,217
674,206
674,115
674,114
674,105
674,104
674,92
674,91
674,64
675,224
675,218
675,217
675,207
675,206
675,114
675,113
675,112
675,111
675,107
675,106
675,91
675,64
676,224
676,223
676,222
676,218
676,217
676,207
676,111
676,110
676,109
676,108
676,91
676,90
676,65
677,221
677,220
677,219
677,218
677,217
677,207
677,90
677,89
677,65
678,217
678,208
678,89
678,65
679,216
679,208
679,89
679,88
679,65
680,216
680,208
680,88
680,87
680,65
681,216
681,208
681,87
681,64
682,216
682,215
682,209
682,208
682,87
682,86
682,34
682,33
682,32
682,31
682,30
683,215
683,214
683,209
683,86
683,85
683,35
683,34
683,33
683,32
683,31
683,30
684,214
684,213
684,212
684,211
684,210
684,209
684,85
684,37
684,36
